11.061	-0.649856
12.7808	-0.522372
13.6932	-0.463895
15.6585	-0.752547
22.3694	-1.08685
20.9765	-1.17716
38.1952	-0.710038
148.629	-0.206475
179.044	0.210873
309.911	0.105632
424.896	-0.0987917
429.503	-0.336515
642.897	-0.699418
965.81	-0.82362
1295.26	-0.947019
1213.75	-1.26947
991.987	-1.40584
908.279	-1.52698
846.864	-1.62877
406.578	-1.56882
230.546	-0.500926
290.266	-0.083227
337.009	0.0710092
321.909	-0.241823
350.848	-0.180981
309.97	-0.203878
262.167	-0.386572
138.452	-0.616745
171.545	-1.64847
424.417	-1.81947
423.358	-1.95661
452.168	-1.93572
354.365	-2.1214
330.302	-1.9815
155.734	-2.00994
80.3976	-1.87052
79.5996	-1.82673
82.5554	-1.80015
79.9248	-1.83252
83.4229	-1.79097
90.3062	-1.73661
109.238	-1.62711
243.131	-1.4069
387.2	-1.00215
417.969	-0.9098
484.239	-0.909332
504.84	-1.07161
506.791	-1.1851
554.721	-1.08756
570.661	-0.759151
380.292	-0.587974
249.761	-0.465735
164.786	-0.670667
120.802	-0.982478
89.732	-0.866696
53.8554	-0.997075
27.8405	-1.10467
29.6065	-0.970768
40.6432	-0.990411
144.998	-1.07342
178.507	-1.54349
217.617	-1.78808
260.923	-1.67077
269.291	-1.60688
260.63	-1.74031
243.787	-1.73167
225.938	-1.83842
124.006	-1.79102
120.315	-1.48118
132.172	-1.35679
132.936	-1.6908
283.813	-1.46605
408.64	-1.27328
494.092	-1.33215
498.88	-1.15587
486.286	-1.15373
498.761	-1.15535
474.266	-1.24238
437.403	-1.14423
330.257	-1.11358
283.207	-0.989503
192.185	-0.950892
64.6305	-1.28283
45.3088	-1.30022
47.1027	-1.03925
44.5079	-1.1855
36.7454	-1.45006
36.3902	-1.34465
37.2993	-1.18808
31.6586	-1.42424
33.0288	-1.28572
40.3225	-0.925343
66.1366	-0.846783
55.9626	-0.748559
58.8404	-0.827009
63.0385	-0.661229
31.0806	-0.834694
25.4368	-0.846637
23.8404	-0.936382
17.6916	-0.832246
15.917	-0.766123
14.1174	-0.712108
15.4016	-0.395952
16.3296	-0.574835
14.1925	-0.622239
14.7958	-0.548062
12.5177	-0.53492
14.7468	-0.647544
13.1903	-0.493066
11.8841	-0.482388
13.4748	-0.796576
17.1167	-0.635402
16.4564	-0.608397
14.943	-0.690087
16.3036	-0.756779
22.91	-1.28114
40.4024	-1.66984
85.6973	-1.57152
96.9564	-1.50158
119.211	-1.54514
133.248	-1.63309
523.005	-1.39778
619.236	-1.15261
688.718	-1.25651
713.166	-1.36049
600.531	-1.59748
539.328	-1.65119
438.01	-1.83818
446.877	-1.79775
319.107	-1.97518
296.339	-1.79416
204.115	-1.85517
172.251	-1.85061
124.986	-1.88754
88.5028	-1.76493
67.3329	-1.50178
54.512	-1.73398
51.547	-1.7308
36.5739	-1.30764
33.6749	-1.27171
26.3212	-1.31446
24.192	-1.10822
28.9885	-1.22477
27.2557	-1.1696
20.6392	-1.16484
22.9325	-0.984025
38.427	-1.33598
28.9669	-1.28282
33.3521	-0.373883
32.7357	-0.708545
25.4142	-0.686246
18.6606	-0.805312
24.7133	-1.26024
25.2005	-1.21351
29.5655	-1.32762
24.9554	-1.15616
170.34	-0.096817
305.094	0.682187
415.879	0.387672
342.435	-0.570127
539.971	-1.13916
863.845	-1.28669
881.747	-1.47919
588.189	-1.82876
378.481	-1.90889
215.122	-1.45057
225.722	-0.474698
271.036	-0.0107915
261.518	-0.134912
237.805	0.0422937
217.659	0.181393
221.469	-0.14396
210.809	-0.886333
349.773	-1.70922
556.621	-1.59666
662.846	-1.7016
646.703	-1.55614
528.004	-1.61318
305.314	-1.84321
191.408	-1.87271
133.003	-1.75371
110.764	-1.70588
86.2378	-1.80779
198.798	-0.897494
487.797	-0.875723
490.206	-1.27033
684.609	-1.51055
851.734	-1.41884
1010.67	-1.11722
858.877	-1.34145
791.677	-1.15614
358.648	-1.21816
102.789	-1.63191
84.0801	-1.84843
65.7385	-1.69989
55.6688	-1.66834
97.6338	-0.889197
278.751	0.170839
441.151	0.469194
362.032	0.418635
334.008	0.149169
268.43	-0.342328
114.675	-0.431193
50.7134	-0.604822
35.7855	-0.387867
40.8609	-0.632254
108.819	-1.42288
88.7471	-1.23719
142.121	-1.95099
220.156	-1.98743
196.702	-2.2264
196.046	-1.96313
185.795	-1.7422
151.411	-1.40481
133.929	-0.912476
125.714	-0.361123
105.814	-0.171891
119.133	0.0649119
149.332	-0.152258
139.658	0.0444076
106.844	-0.616095
88.5219	-1.51499
207.841	-1.87638
276.4	-2.00286
301.855	-1.83282
291.109	-1.88037
376.726	-1.54215
355.872	-1.51604
231.241	-1.6371
129.665	-1.91451
66.1038	-1.91097
51.1771	-1.66791
52.2979	-1.83973
51.1977	-1.63119
44.8912	-1.66615
35.6163	-1.48449
30.5413	-1.48828
47.2282	-1.2863
33.5252	-1.36607
32.5674	-1.36585
23.6546	-1.10031
22.1886	-1.27124
21.6915	-1.07692
19.8504	-0.870142
16.9871	-0.847594
17.3878	-0.82008
17.9663	-0.843463
17.1467	-0.767844
16.4344	-0.657684
16.0234	-0.738908
11.7038	-0.692899
13.7328	-0.519251
15.5929	-0.696319
20.4539	-1.07932
28.9149	-1.40575
41.2127	-1.59245
50.1655	-1.6211
64.0955	-1.66012
367.161	-1.11755
391.195	-1.33136
450.547	-1.38032
475.816	-1.36723
448.326	-1.42718
369.143	-1.56829
364.74	-1.48269
354.262	-1.38727
317.985	-1.5157
316.819	-1.5605
388.395	-1.3989
458.794	-1.29336
604.564	-1.20021
713.176	-1.16863
731.548	-1.13105
517.139	-1.32686
246.804	-1.27029
105.227	-1.62606
79.8227	-1.75101
61.9571	-1.85584
53.2071	-1.62413
44.2571	-1.45069
39.7193	-1.19443
32.195	-1.15046
32.9919	-1.13266
52.0817	-1.029
237.013	-0.874987
449.712	-1.05867
587.403	-1.31602
662.356	-1.17512
595.164	-1.10852
407.379	-1.25542
215.577	-1.48178
100.516	-1.88571
91.8622	-1.89687
104.865	-1.69048
101.018	-1.87601
96.2173	-1.89997
95.1051	-1.94079
108.784	-1.96543
402.12	-1.57514
609.964	-1.46209
560.243	-1.76533
651.012	-1.5477
596.895	-1.63391
602.814	-1.3596
564.899	-1.25207
561.49	-1.21143
539.554	-1.14339
470.434	-1.12215
424.223	-1.18343
395.734	-1.04232
279.547	-1.09332
54.4032	-1.37134
75.6219	-1.46308
206.516	-1.00796
415.21	-0.867981
270.608	-1.43947
226.009	-1.66695
217.419	-1.74118
201.597	-1.98899
200.284	-1.86318
147.118	-2.12082
137.594	-2.08355
142.161	-1.80353
133.223	-1.90783
134.186	-1.94912
134.252	-1.86307
154.395	-1.74486
174.914	-1.56991
176.94	-1.51344
172.81	-1.37288
143.515	-1.23863
89.5849	-1.32985
55.8083	-1.41081
42.6634	-1.32861
34.7152	-1.1463
31.9548	-1.17333
22.1401	-1.16046
23.715	-1.02147
16.4864	-0.787053
16.995	-0.694262
15.6858	-0.824872
15.9903	-0.694821
15.1534	-0.562141
16.5561	-0.593087
17.2696	-0.625894
8.62872	-0.752359
13.1412	-0.637318
20.0653	-0.0190165
14.9059	-0.448442
14.4857	-0.460079
187.153	-0.526545
211.687	-1.14523
279.125	-1.74785
442.423	-1.56593
634.526	-1.3762
621.923	-1.38416
390.63	-1.28576
68.9882	-1.49214
35.482	-1.79733
29.0415	-1.76431
26.6956	-1.58105
23.3911	-1.54601
21.9937	-1.45704
18.6297	-1.32187
19.1005	-1.07537
100.655	-0.507177
369.847	-0.398847
333.696	-0.850984
415.293	-1.10645
581.729	-1.25706
571.739	-1.37155
466.786	-1.74672
328.312	-2.15625
81.0269	-2.17336
140.38	-1.97538
303.631	-1.76417
471.131	-1.86346
169.318	-2.0245
168.59	-1.72507
404.827	-1.77475
410.101	-1.89622
391.667	-1.87538
479.42	-1.76765
790.494	-1.382
740.339	-1.57469
841.148	-1.52026
744.78	-1.38617
640.064	-1.21944
387.088	-0.929369
226.431	-0.368855
180.305	-0.00386473
198.157	0.219136
213.647	0.294235
193.456	-0.165623
206.705	0.157117
201.44	0.230379
168.304	0.0514047
209.026	-0.472608
425.143	-1.39828
478.457	-1.29148
362.309	-1.27489
304.005	-0.950312
273.655	-0.889282
209.83	-0.774574
237.862	-0.567413
214.807	-0.310933
231.331	-0.0297146
233.206	0.143477
234.391	-0.104166
234.617	-0.265517
237.996	-0.299647
233.776	-0.661127
190.483	-1.07955
227.211	-1.35118
282.942	-1.2955
205.852	-1.81186
127.05	-1.98638
76.0169	-2.09274
63.632	-1.76243
72.118	-1.90054
94.7859	-1.86235
133.648	-1.50511
180.442	-1.31152
214.671	-1.15038
212.263	-1.22478
181.9	-1.39157
170.129	-1.53505
161.273	-1.63139
200.945	-1.62203
430.453	-1.34001
493.234	-1.46447
535.359	-1.50436
609.28	-1.63653
786.979	-1.48982
615.877	-1.51974
652.31	-1.54236
608.477	-1.53728
540.304	-1.54285
425.861	-1.83365
320.536	-2.03831
324.916	-1.6704
255.201	-1.87614
262.758	-1.92869
236.009	-1.88685
209.313	-1.74077
132.05	-1.7135
44.0394	-1.9501
24.2776	-1.56499
19.0079	-1.11722
18.5981	-0.894117
20.006	-1.20304
190.391	-1.47403
307.171	-1.20622
271.96	-1.37654
529.024	-1.51942
567.329	-1.6235
505.996	-1.62336
468.102	-1.52403
308.256	-1.55512
115.229	-1.71572
50.0065	-1.91198
26.1164	-1.8141
26.6651	-1.52403
124.231	-0.939258
85.331	-1.19849
331.528	-1.20487
309.936	-1.71296
393.583	-1.69411
547.651	-1.4219
615.83	-1.23487
566.918	-0.895012
337.359	-0.563163
175.401	0.413807
149.634	0.323149
163.814	0.24227
102.748	0.0628372
73.2107	-0.0826852
65.2367	-0.0725729
88.2467	0.144401
107.347	-0.472318
136.526	-0.797641
392.182	-1.33293
461.754	-1.62928
402.87	-1.57726
307.429	-1.588
234.463	-1.51864
187.456	-1.51959
139.686	-1.60394
129.724	-1.67572
142.693	-1.69003
172.936	-1.64307
196.529	-1.59187
245.443	-1.45432
250.844	-1.59034
267.807	-1.38285
274.964	-1.28174
270.234	-1.23907
251.585	-1.041
220.323	-0.74281
186.882	-0.582764
207.293	-0.299876
207.103	-0.334803
247.765	-0.419615
227.884	-0.655638
191.487	-1.45697
159.678	-1.57694
180.123	-1.60968
202.835	-1.87301
192.018	-2.16029
219.843	-2.22667
302.089	-2.05612
339.417	-2.03473
333.255	-2.02225
264.237	-2.11855
145.201	-2.14582
33.5746	-1.94024
25.1955	-1.78996
26.1894	-1.7202
30.9182	-1.45884
162.511	-0.74024
170.986	-1.86701
213.385	-2.02156
211.548	-2.12405
211.076	-2.13064
224.819	-1.96311
188.573	-2.07117
188.651	-1.87755
135.244	-2.00816
125.315	-2.06596
93.6512	-1.95954
56.5283	-2.01056
29.5375	-1.94663
24.5974	-1.57217
19.8678	-1.45569
17.0036	-1.26259
82.0683	-0.775204
140.668	-1.08529
170.009	-1.75267
216.977	-1.88378
278.681	-1.70115
307.001	-1.70147
301.22	-1.69313
299.659	-1.74982
360.269	-1.65736
377.872	-1.4894
304.724	-1.478
178.533	-1.6706
126.207	-1.79396
121.885	-1.51273
91.7175	-1.67603
62.1592	-2.05238
55.0372	-1.78413
49.2233	-1.92768
37.9619	-1.9932
39.6106	-1.73467
36.4205	-1.78752
32.9234	-1.87506
30.2034	-1.84992
28.1949	-1.70256
23.685	-1.42077
18.7917	-1.02269
17.2298	-0.836757
16.749	-0.573359
20.7451	-0.956795
15.583	-0.762452
16.0762	-0.886817
15.2032	-0.746392
12.1755	-0.75953
13.6167	-0.689018
14.2338	-0.481964
7.82462	-0.411417
13.7308	-0.451112
12.2253	-0.678047
13.4474	-0.685834
13.6154	-0.600119
13.5047	-0.556595
11.375	-0.517219
11.8173	-0.610274
13.6373	-0.399858
12.2396	-0.494297
11.6634	-0.552929
34.0598	-0.871958
83.0654	-1.12374
92.1011	-1.87975
277.515	-1.75662
509.947	-1.66534
611.233	-1.63393
667.038	-1.63511
591.52	-1.45227
193.44	-1.577
34.8302	-1.69243
29.5969	-1.84864
25.0209	-1.92288
25.1236	-1.58745
41.51	-0.944677
151.7	-0.846669
355.942	-1.3929
756.512	-1.26488
856.165	-1.22925
908.102	-1.26005
837.216	-1.29904
645.009	-1.32148
256.789	-1.26229
161.035	-1.41383
257.904	-1.76446
417.403	-1.71289
522.136	-1.67612
596.476	-1.67497
569.714	-1.73694
581.121	-1.77408
635.473	-1.63127
609.117	-1.66352
477.408	-1.81201
148.282	-2.05886
91.1776	-1.90714
106.435	-1.69061
111.227	-1.6301
102.012	-1.68042
85.4693	-1.94808
190.439	-1.79072
374.799	-1.28168
445.837	-0.940758
425.32	-0.951085
464.274	-0.899088
400.891	-0.947287
311.089	-0.989713
250.054	-1.02375
167.748	-0.823564
135.064	-0.604868
131.929	-0.654808
168.091	-0.682318
193.102	-0.96965
275.174	-1.11396
358.721	-1.26357
358.352	-1.46375
328.439	-1.47389
305.023	-1.44762
241.003	-1.37911
155.285	-1.3491
178.593	-1.05821
104.249	-1.64443
101.558	-1.65714
110.315	-1.58369
115.765	-1.44795
101.963	-1.52763
100.925	-1.54219
120.019	-1.28971
134.999	-1.11896
117.681	-1.25388
124.501	-1.25186
281.866	-1.17427
422.951	-1.233
577.463	-1.11265
574.403	-1.22431
630.7	-1.26293
755.715	-1.18298
865.689	-1.09918
930.117	-1.05316
865.404	-1.13118
704.084	-1.30927
516.757	-1.66344
314.571	-1.9966
229.048	-1.84166
217.034	-1.80814
234.826	-1.66023
220.333	-1.61191
213.013	-1.64718
222.822	-1.67988
176.019	-1.78214
63.7757	-2.24531
44.2997	-1.89187
30.1271	-1.61434
31.1609	-1.73086
28.6559	-1.71738
22.5209	-1.42665
18.1502	-0.889362
13.5197	-0.628671
33.4086	-1.23839
38.1757	-1.29912
14.4998	-1.01807
13.4197	-0.805727
14.05	-0.708467
13.4185	-0.510882
14.9562	-0.490747
18.3036	-0.849395
62.5808	-1.70487
111.937	-1.74814
106.591	-1.79969
89.607	-1.76696
73.8493	-1.82926
62.6629	-1.65402
45.82	-1.95879
51.0302	-1.84817
52.7092	-1.79698
47.143	-1.80959
50.0907	-1.92446
63.6192	-1.76819
111.616	-1.96604
171.618	-1.89337
178.013	-1.95136
193.02	-1.82609
209.862	-1.80853
171.383	-1.76999
175.809	-1.55935
142.289	-1.61573
108.303	-1.48846
79.7146	-1.43931
36.7533	-1.74274
30.4656	-1.50683
24.0314	-1.48975
24.7401	-1.49721
22.1027	-1.59352
21.7207	-1.49336
21.0538	-1.46258
20.4343	-1.23868
19.5592	-1.26651
17.9439	-1.24456
17.6266	-0.8095
28.4506	-0.330622
107.592	-0.236207
97.0375	0.557807
153.872	0.691418
189.823	0.777252
202.591	0.825569
185.171	0.863881
179.365	0.482586
160.144	0.24236
204.474	0.194264
148.901	0.112676
114.668	-0.281921
81.2398	-0.52898
54.8767	-0.776039
35.9387	-0.877014
29.2817	-0.936013
23.5602	-1.00588
22.6311	-1.146
17.7416	-1.2192
16.6749	-0.914789
15.4709	-0.722772
16.9514	-0.852959
17.0202	-0.62974
16.6097	-0.671437
17.4449	-0.68433
18.8618	-0.679504
15.0025	-0.708975
17.676	-0.742858
15.2681	-0.669293
15.4661	-0.624001
12.7119	-0.765433
14.2956	-0.92109
15.2671	-0.825966
18.4595	-0.483034
19.1583	-0.221138
16.8887	-0.510681
16.4592	-0.496663
144.426	-0.594503
871.19	-0.686616
496.179	-0.996056
405.548	-1.34377
842.255	-1.38721
998.242	-1.56498
955.108	-1.73563
1006.08	-1.88047
1041.43	-1.83518
748.481	-1.95155
326.807	-1.92887
67.4707	-2.17742
48.2801	-2.15517
43.4134	-2.18698
40.2038	-2.27334
40.6875	-2.05501
28.8167	-1.79364
27.9161	-1.77364
28.2734	-1.63892
26.3488	-1.69988
25.652	-1.4322
257.626	-0.940988
306.665	-1.33721
375.573	-1.42013
508.645	-1.26315
457.956	-1.39526
371.868	-1.3735
326.05	-1.38857
265.382	-1.49418
218.263	-1.59611
202.027	-1.44879
178.326	-1.27672
170.152	-1.11738
122.769	-1.04141
150.25	-0.894504
133.796	-0.788343
81.5451	-0.746334
78.9012	-0.616154
82.8202	-0.417423
87.3979	-0.505051
74.5779	-1.02676
99.0008	-1.35748
125.135	-1.43719
188.065	-1.72741
227.084	-1.575
271.429	-1.30443
359.502	-1.20278
403.416	-1.14588
410.798	-1.12196
426.489	-0.92599
425.693	-0.752481
405.536	-0.717234
259.985	-0.839391
134.861	-0.470768
132.649	-0.476975
121.19	-0.106093
116.542	0.138241
109.601	0.342951
95.2922	0.582608
98.4323	0.699755
93.9406	0.597873
87.0193	0.478237
87.2313	-0.667797
56.4325	-1.38119
75.449	-1.4541
80.9491	-1.47123
80.8664	-1.4232
91.6046	-1.26241
86.7505	-1.38857
89.8902	-1.46879
284.226	-1.44914
440.867	-1.55595
466.593	-1.61178
487.036	-1.58719
487.043	-1.51307
480.374	-1.3311
423.884	-1.20334
251.776	-1.36476
66.2242	-1.76703
29.8476	-1.62068
23.2746	-1.33397
20.8045	-1.2764
18.9765	-1.22738
26.7348	-1.1113
213.068	-1.02543
228.46	-1.02473
315.842	-0.96692
176.298	-1.49041
312.075	-1.78717
342.677	-1.88254
314.105	-1.83553
294.254	-1.80481
248.626	-1.85342
240.955	-1.89186
225.132	-1.72259
199.452	-1.73669
167.832	-1.93033
178.615	-1.58476
151.425	-0.670602
178.133	0.298396
187.477	0.221974
207.177	0.401162
213.174	0.0801691
269.094	-0.351705
270.312	-1.26059
352.947	-1.34982
515.214	-1.35259
592.875	-1.32748
666.621	-1.26199
709.987	-1.28928
576.56	-1.52298
527.475	-1.51232
460.968	-1.49314
429.583	-1.28307
315.589	-1.19703
102.658	-1.2382
29.1529	-1.82869
32.6493	-1.61726
31.1105	-1.5871
27.3737	-1.39644
24.486	-1.45485
22.8416	-1.37336
21.5012	-1.20076
16.3087	-1.30052
16.5616	-1.41572
15.9813	-1.17126
16.3782	-1.13382
14.3565	-1.12963
15.88	-0.993752
16.1775	-1.14327
143.352	-0.61087
285.186	-1.35341
456.453	-1.69335
510.622	-1.51031
456.537	-1.59799
403.097	-1.79711
424.024	-1.71911
412.159	-1.70418
372.279	-1.6478
346.142	-1.57135
334.609	-1.18173
262.343	-1.05507
181.815	-0.91753
73.673	-1.03661
55.3121	-1.45276
44.2899	-1.40779
39.0204	-1.33751
45.3854	-1.33639
35.3814	-1.45918
29.8793	-1.537
31.5908	-1.36005
18.5726	-1.34494
21.5179	-1.3943
18.8021	-1.15415
25.0595	-0.598482
83.9817	-0.141562
70.6952	0.292807
192.502	0.154398
167.185	0.973957
177.694	0.905404
239.374	0.904501
216.277	0.940743
183.985	0.303718
175.253	0.510041
164.664	0.0380434
155.634	0.126347
132.614	-0.0235804
110.012	-0.0420904
82.7702	-0.15224
61.7082	-0.394868
43.6827	-0.578398
36.1061	-0.758993
28.6891	-0.892544
22.1882	-0.831712
23.3587	-1.02472
21.4646	-0.972162
17.9927	-0.946075
16.9001	-0.835752
16.9569	-0.827039
16.8667	-0.913182
853.82	-1.20496
616.879	-1.43051
400.536	-1.80043
207.079	-2.09882
146.883	-2.09323
141.083	-2.16864
120.927	-2.12933
109.208	-2.11348
121.47	-1.79693
191.349	-1.38622
327.807	-1.40438
347.331	-1.29484
483.944	-1.14879
506.809	-1.19382
604.106	-1.16322
919.694	-1.02133
499.815	-1.36333
361.159	-1.31312
279.968	-0.703917
177.952	-0.241721
177.746	0.0366013
154.578	0.113816
111.028	-0.0743704
111.949	-0.0357724
121.161	-0.244552
163.048	-0.0425659
153.771	-0.167837
138.605	-0.825436
682.462	-1.26177
949.263	-1.12609
1136.43	-1.01669
936.592	-1.34357
810.939	-1.64831
723.251	-1.8181
604.351	-1.76706
233.319	-1.88972
68.3529	-1.95789
56.6759	-1.77687
42.2997	-1.6791
36.4706	-1.48109
29.6582	-1.6008
32.7185	-1.43688
33.4395	-1.52739
84.6639	-1.07192
104.822	-1.64454
126.328	-2.05115
161.373	-2.29603
202.402	-2.41132
158.935	-2.48519
167.272	-2.25409
131.358	-2.28326
109.105	-2.36374
99.2601	-2.24505
129.063	-2.16637
88.0694	-2.45017
70.1451	-2.57451
103.037	-2.38894
123.94	-2.31902
136.083	-2.33276
189.105	-2.11141
256.337	-1.876
433.701	-1.77907
756.809	-1.57074
774.355	-1.72684
825.985	-1.78315
829.507	-1.75172
1019.92	-1.44552
841.592	-1.4087
660.684	-1.57332
485.615	-1.78902
298.789	-1.89988
197.612	-1.77777
181.371	-1.88396
162.908	-1.81628
165.998	-2.03589
229.218	-1.67905
298.021	-1.83424
444.084	-1.53518
619.628	-1.24585
709.361	-1.20643
950.746	-1.04097
826.767	-1.08191
896.866	-1.09523
755.469	-1.02157
776.996	-0.792714
535.933	-0.663768
315.093	-0.525754
170.434	-0.406386
132.376	-0.458614
99.1732	-0.664963
172.845	-0.913795
136.618	-0.594801
193.908	-0.831773
237.488	-1.23135
409.396	-0.939591
397.754	-1.24696
417.139	-1.32758
547.897	-1.12918
310.527	-1.44556
371.976	-1.10696
480.636	-0.95442
344.634	-0.198925
292.241	0.174915
387.515	0.072492
544.605	0.164929
474.093	-0.0980186
399.529	-0.600667
85.903	-1.0449
44.8722	-0.0395027
25.1866	-0.58749
20.3834	-0.782247
61.6972	-1.10234
505.023	-1.2291
486.853	-1.14789
175.228	-1.174
360.736	-1.77514
502.587	-1.80101
408.448	-2.02968
148.19	-2.26593
96.7416	-1.83176
115.047	-1.85017
114.918	-1.94805
102.896	-2.0313
134.1	-1.84421
193.804	-2.08085
455.725	-1.96772
696.875	-1.70949
886.366	-1.47699
770.441	-1.43212
751.089	-1.20528
926.166	-0.761214
740.496	-0.724925
758.724	-0.561477
742.756	-0.557803
662.12	-0.602324
742.323	-0.508241
652.763	-0.67302
646.35	-0.902495
499.095	-1.23822
206.675	-1.66844
94.5647	-1.99943
95.035	-1.91572
76.7807	-2.08795
76.9715	-1.89136
54.395	-1.65042
43.0242	-1.45582
33.7696	-1.31488
35.93	-1.33148
25.9851	-0.876903
26.6739	-0.740821
25.8228	-0.836403
121.978	-0.573429
216.104	-0.726631
162.059	-0.746348
355.711	-0.47069
306.854	-0.859619
400.731	-0.749925
356.593	-0.708655
250.775	-0.959561
162.482	-1.32818
90.9994	-1.74328
69.7971	-1.88911
79.2976	-1.79826
81.8819	-1.93886
99.0354	-1.81187
131.863	-1.9993
245.641	-1.87808
298.797	-1.88761
351.584	-1.77389
400.496	-1.58822
452.281	-1.51872
380.719	-1.3941
241.64	-1.27197
49.6252	-1.6881
32.7376	-1.52647
30.3986	-1.29806
29.0736	-1.14341
204.431	-0.16633
325.55	-0.511115
30.3648	-1.04348
26.8784	-0.859799
28.3201	-0.987114
20.8286	-1.04817
23.8224	-0.879639
351.789	-1.03889
749.88	-1.02392
313.484	-1.19626
719.97	-1.5937
936.19	-1.59597
894.879	-1.81752
911.927	-1.69844
562.094	-1.89502
214.304	-1.99842
55.4052	-1.99783
44.4339	-2.05974
47.4851	-1.68711
36.8713	-1.75046
39.6422	-1.69984
34.887	-1.70967
33.5748	-1.86672
90.5447	-0.840786
138.174	-0.794988
174.018	-0.734484
227.014	-0.967666
228.072	-1.2665
240.408	-1.38395
291.836	-1.13401
278.973	-1.13553
290.781	-0.825673
259.298	0.119919
219.711	0.617423
311.974	0.659426
338.479	0.614811
301.769	0.352102
114.401	-0.213785
33.0453	-0.291213
23.4663	-0.648203
22.3031	-0.727205
35.2267	-0.876331
212.969	-0.487731
178.321	-0.913143
140.071	-1.18219
116.527	-0.828601
143.432	-1.40218
210.506	-1.74421
249.33	-1.81979
254.661	-1.90873
254.663	-1.91982
274.733	-1.31227
248.91	-0.824672
185.999	-0.596609
267.628	0.0116065
245.071	-0.0298534
294.797	0.0487494
301.704	-0.0337469
326.244	-0.530473
234.082	-1.04541
258.37	-1.1112
275.62	-1.15465
305.064	-1.25797
325.085	-1.41724
376.894	-1.49261
393.872	-1.62182
381.502	-1.79982
294.114	-2.21095
325.144	-2.09047
215.627	-2.23022
152.939	-2.0419
163.771	-1.04061
152.259	-0.392513
234.758	-0.174795
250.837	-0.193019
299.781	-0.411734
283.131	-0.44587
243.304	-0.521951
238.516	-0.323462
209.162	-0.343094
153.321	-0.646145
82.377	-1.08483
87.5876	-1.80416
135.066	-2.18226
162.805	-2.10769
175.534	-2.06506
216.345	-2.12396
241.659	-2.10291
233.328	-2.06489
136.516	-2.22016
89.7572	-2.30341
97.6941	-2.00688
120.884	-1.82049
130.57	-2.08721
104.517	-2.34383
70.2067	-2.16395
32.0303	-1.78592
25.5884	-1.34909
21.5063	-1.29592
20.9182	-0.794038
21.5556	-0.739358
41.6013	-0.842466
166.405	-1.0104
70.2182	-0.831922
53.9249	-1.54057
77.5334	-1.62243
76.7812	-1.64766
134.453	-1.40944
149.555	-1.3491
91.2118	-1.28258
92.4736	-1.19722
78.4988	-1.2406
77.0783	-1.11268
59.2084	-1.1456
41.5318	-1.35323
31.6136	-1.22996
31.8444	-1.06135
31.3466	-1.08498
24.9807	-0.835421
23.6882	-0.625692
28.1278	-0.727137
23.8608	-0.668214
22.6281	-0.736411
20.3972	-0.698586
19.7944	-0.653387
18.7589	-0.487432
19.3527	-0.915382
18.8238	-0.605479
11.7717	-0.49619
18.0849	-0.84064
16.7162	-0.59863
15.6876	-0.492762
17.4274	-0.492016
15.1767	-0.491722
16.0651	-0.653496
15.3972	-0.659297
17.3566	-0.546351
18.9083	-0.512999
21.354	-0.273848
78.9874	-1.55383
251.958	-1.49044
332.469	-1.41783
414.216	-1.24997
309.546	-1.25038
179.089	-1.27828
79.9383	-1.8721
73.1308	-1.95999
58.3892	-2.04818
49.775	-2.0086
40.5838	-1.90209
29.6274	-1.56829
26.0504	-1.27793
100.877	-1.02227
667.421	-0.965179
360.2	-1.13336
1022.98	-1.36212
1099.54	-1.49567
1164.47	-1.53481
1255.68	-1.44467
1082.23	-1.6567
817.863	-1.89296
342.504	-1.88528
361.696	-1.74298
666.933	-1.60905
811.683	-1.50858
820.97	-1.4714
965.059	-1.08823
539.662	-1.37746
456.671	-1.48672
453.754	-0.77846
358.01	0.0362093
343	0.450423
308.251	0.545833
314.513	0.382755
354.931	0.394329
298.202	0.276277
290.604	0.101694
316.266	0.0634746
233.076	-0.385186
153.563	-0.793691
469.658	-1.16282
655.68	-1.23586
504.395	-1.52
509.208	-1.4139
371.983	-1.59984
202.397	-1.93865
131.541	-1.98844
109.571	-1.80668
106.665	-1.633
91.4408	-1.97176
117.462	-1.9801
78.8883	-1.93237
70.343	-1.88554
97.4067	-1.66448
153.54	-1.43142
93.029	-1.43968
188.694	-1.32527
210.922	-1.16287
272.321	-1.18323
328.754	-1.26511
384.16	-1.20454
348.123	-1.21532
272.05	-1.18019
216.878	-1.09252
78.5634	-1.55786
67.8526	-1.94295
70.8704	-1.935
88.1234	-1.74955
81.5067	-1.89619
73.0046	-1.84511
64.4091	-1.89171
49.9644	-1.81348
44.417	-1.60004
132.51	-0.646359
308.877	-0.538401
258.006	-1.07469
373.812	-1.36616
570.015	-1.23445
552.012	-1.41037
500.131	-1.43332
289.341	-1.74984
140.165	-1.90187
384.465	-1.46534
174.983	-2.02068
214.948	-1.99457
344.016	-1.68061
441.041	-1.34081
427.35	-1.33032
374.176	-1.3853
379.624	-1.28959
335.719	-1.26632
227.696	-1.51577
140.577	-1.79152
74.2822	-1.82404
55.9308	-1.75724
51.3739	-1.83788
43.5955	-1.76932
42.1687	-1.56461
33.4474	-1.62256
32.1604	-1.48196
71.6367	-0.977418
281.841	-0.954951
265.703	-1.3676
394.109	-1.25327
422.79	-1.22282
365.268	-1.38066
343.821	-1.44327
284.286	-1.26607
292.199	-1.18578
251.969	-0.256634
181.342	0.268967
171.922	0.0559771
118.827	-0.0942691
68.248	-0.15822
50.275	-0.242902
59.9172	-0.529505
98.7645	-0.258821
124.344	-0.197518
139.275	-0.29301
134.401	-0.55087
234.907	-1.05589
285.813	-1.06636
281.092	-0.898334
350.541	-0.915948
501.152	-0.904778
530.096	-1.05011
474.355	-1.06312
304.879	-1.07798
110.92	-1.26822
34.9194	-1.45131
29.8751	-1.29086
38.4507	-0.9873
90.1483	-1.1093
113.351	-1.87309
287.027	-1.80093
377.172	-1.62016
347.139	-1.8615
276.4	-1.79249
169.717	-1.94797
90.4243	-1.99255
74.6434	-1.73945
75.8279	-1.72701
71.533	-1.68001
73.8096	-1.50232
55.8021	-1.67159
51.5672	-1.75592
49.1373	-1.62908
48.6156	-1.44649
37.8611	-1.51314
158.525	-0.908567
281.139	-1.46632
360.912	-1.44338
385.157	-1.48508
348.19	-1.66657
314.615	-1.7537
287.534	-1.77671
224.963	-1.95248
163.026	-2.07279
116.297	-2.05947
68.1934	-2.18773
51.8122	-1.92443
47.0149	-1.6937
47.0083	-1.72649
53.5074	-1.7163
52.5683	-1.74351
49.5453	-1.76057
49.8838	-1.79379
68.8768	-2.09938
113.209	-2.02502
142.474	-2.09489
209.085	-1.79487
282.826	-1.55295
289.964	-1.51285
314.964	-1.63093
342.927	-1.67821
279.623	-1.92705
207.182	-2.07094
89.8369	-1.61218
44.24	-1.64566
52.3953	-1.65421
57.5746	-1.70552
146.428	-1.59741
220.668	-1.49117
282.159	-1.35801
187.238	-1.45334
194.359	-1.17745
150.626	-1.2858
110.486	-1.14625
73.5033	-1.42344
60.1285	-1.29553
45.3129	-1.22088
40.4371	-1.18795
30.4964	-1.1005
25.963	-0.890767
22.225	-0.751843
20.348	-0.700999
20.054	-0.711694
18.8886	-0.612148
18.5413	-0.447147
17.318	-0.63419
17.3791	-0.7758
17.0007	-0.716055
15.5747	-0.546439
14.8483	-0.529177
16.8064	-0.629469
16.5042	-0.700588
16.2615	-0.684521
16.1166	-0.567828
18.4875	-0.634991
18.7965	-0.642101
17.054	-0.537031
18.2081	-0.680023
17.1931	-0.483173
22.3244	-1.30599
42.5474	-2.11076
69.8179	-2.01591
97.8209	-1.91673
148.642	-1.80213
152.036	-2.03514
223.186	-1.95459
234.321	-2.20477
139.685	-2.54412
127.545	-2.3513
192.483	-2.46874
258.372	-2.42257
393.078	-2.18766
577.386	-1.95878
695.715	-1.89418
785.203	-1.87251
881.494	-1.80065
822.116	-1.83145
592.13	-1.83461
187.898	-1.83733
175.996	-1.4868
303.846	-1.83473
257.5	-2.03581
214.754	-1.52861
410.941	-1.52231
776.413	-1.64487
978.622	-1.47759
1130.23	-1.33668
1137.3	-1.4113
1140.72	-1.43123
1139.44	-1.38613
1082.9	-1.4211
672.038	-1.55612
149.343	-1.97085
46.2172	-2.03605
38.3227	-1.90934
36.4558	-1.6871
38.5792	-1.62421
35.0949	-1.46123
30.3415	-1.0537
64.4941	-0.590066
160.901	-0.802642
258.013	-1.07868
349.436	-0.675099
309.929	-0.793441
472.585	-0.766065
537.897	-0.969697
463.126	-0.861577
350.637	-0.726167
108.57	-1.12599
33.0505	-1.28823
24.0153	-1.15029
24.1092	-1.1366
120.444	-0.554117
404.955	-0.612055
204.674	-0.98377
528.646	-1.13993
948.693	-1.03008
1102.81	-0.902752
935.901	-1.05659
787.663	-1.12781
581.118	-1.06721
429.75	-1.39197
396.31	-1.54258
497.349	-1.56076
576.46	-1.43319
619.608	-1.36466
634.558	-1.29375
597.866	-1.33395
539.272	-1.3367
558.599	-1.27988
526.462	-1.33991
454.29	-1.56793
501.532	-1.43141
465.361	-1.32412
306.563	-1.46738
202.263	-1.52539
90.0371	-1.67596
39.1191	-1.66444
27.4837	-1.51612
91.0314	-0.667055
200.724	0.0884976
305.113	-0.0662752
279.936	-0.263767
300.194	-0.637395
421.267	-1.10058
454.983	-1.39823
430.756	-1.507
399.556	-1.3826
358.352	-1.70092
281.983	-1.62371
99.6741	-1.37633
54.0102	-1.2569
128.716	-0.991704
226.672	-1.50304
281.007	-1.50635
254.413	-1.36967
273.669	-1.36397
308.202	-1.23991
337.524	-1.07567
360.296	-0.911051
356.489	-0.93788
341.48	-0.974032
296.72	-1.11765
280.854	-1.07091
192.182	-1.28588
105.125	-1.53968
95.5807	-1.31113
116.755	-1.16892
184.783	-1.16015
256.554	-1.41445
378.544	-1.56112
524.892	-1.34025
512.427	-1.37735
482.079	-1.22162
348.37	-1.3182
252.62	-0.920569
152.57	-0.867959
94.649	-0.614921
85.1489	-0.605983
114.585	0.0849406
162.492	0.507077
235.817	0.756092
299.147	0.684108
433.412	0.574494
329.652	0.0840698
220.69	-0.379007
228.478	-1.22198
276.891	-1.61095
359.596	-1.6635
399.909	-1.66422
337.283	-1.80119
343.129	-1.72577
298.396	-1.77476
199.993	-2.24504
229.89	-2.05357
179.994	-2.23986
229.597	-2.06735
182.688	-2.21406
215.043	-2.13966
194.98	-2.14665
184.331	-2.19784
190.078	-2.19773
149.016	-2.1998
145.704	-2.20734
147.974	-2.26104
150.921	-2.09477
98.9773	-1.89919
76.3431	-1.54437
61.7423	-1.43838
77.4702	-0.597792
119.216	0.179186
128.869	0.729485
85.5036	0.532645
95.4922	0.726979
81.2216	0.720121
88.8656	1.03505
126.976	0.817731
133.648	1.00866
173.767	1.1305
155.935	0.996306
160.064	0.629304
134.2	0.436538
134.698	0.256034
105.165	0.0711108
71.714	-0.368906
40.7307	-0.499817
27.1824	-0.574039
21.6547	-0.882314
23.4246	-0.860567
20.1774	-0.729508
20.0198	-0.886769
19.974	-0.910728
18.6652	-0.820467
16.97	-0.910774
15.7162	-0.597945
19.9678	-0.612119
20.3205	-0.549668
24.1267	-0.828321
41.0022	-1.88966
95.7475	-1.67217
150.216	-1.46201
301.249	-1.51102
524.099	-1.29546
590.226	-1.45983
579.864	-1.41042
357.268	-1.51408
112.673	-1.82252
46.9585	-1.77208
37.0176	-1.65785
38.961	-1.71138
34.3516	-1.56327
36.031	-1.42988
33.6992	-1.2784
44.3255	-1.10246
135.668	-1.26382
154.468	-1.68997
174.838	-1.81228
181.968	-1.82919
172.667	-1.78348
135.805	-1.81412
123.699	-2.03055
88.4834	-2.06003
61.53	-1.85062
47.8837	-1.78131
35.2064	-1.92098
38.4481	-1.66957
46.1018	-1.20495
69.0858	-0.973934
99.5711	-1.43041
110.275	-2.01902
126.744	-2.35071
127.322	-2.29812
167.964	-2.13193
166.467	-2.18539
155.057	-2.25597
177.184	-1.98981
265.061	-1.89261
470.326	-1.8038
558.615	-1.54065
576.982	-1.55574
613.221	-1.46547
631.81	-1.41821
591.581	-1.50008
688.915	-1.67315
931.763	-1.44256
508.019	-0.516152
415.464	0.446558
320.221	0.489294
302.104	0.463923
268.717	0.683182
265.323	0.503241
298.409	0.318517
297.58	0.579362
318.134	0.369155
323.586	0.539523
336.568	0.549356
289.424	0.433109
197.282	0.207503
180.647	-0.140601
215.925	-1.06833
286.091	-1.0588
345.55	-1.08086
367.756	-1.1232
422.791	-1.17927
535.753	-1.1937
589.08	-1.35058
635.154	-1.36177
691.862	-1.20161
739.285	-1.10135
759.048	-1.10204
715.101	-1.09129
775.802	-1.08442
701.506	-1.1271
555.534	-1.39388
553.668	-1.25245
564.383	-0.983942
433.075	-0.926151
373.426	-1.00956
335.893	-0.882353
260.631	-1.00856
168.103	-0.956655
129.269	-1.02363
143.328	-0.739135
139.164	-0.640379
170.287	-0.93119
151.75	-1.26125
252.347	-1.12159
368.444	-0.920657
431.186	-1.0924
393.173	-1.43904
359.493	-1.43608
398.037	-1.23508
381.507	-1.15312
328.632	-1.09126
306.409	-0.656547
229.444	-0.11641
198.894	0.222045
199.377	0.466597
205.567	0.414816
206.388	-0.02249
231.723	-0.360981
128.323	-0.780863
92.7057	-0.845364
71.9392	-1.38075
83.188	-1.86808
253.023	-1.88691
379.335	-1.92082
454.426	-2.16534
529.917	-2.1423
606.307	-2.07094
638.054	-1.95905
647.555	-1.89696
601.16	-1.75433
479.185	-1.58952
217.38	-1.55675
84.9904	-1.67036
48.5683	-1.78714
49.827	-1.87336
49.0238	-1.91972
76.1884	-1.6188
158.693	-1.52044
226.757	-1.89486
252.41	-1.8684
216.322	-1.87542
134.185	-2.11333
86.5826	-2.13261
61.0987	-2.16617
50.6536	-1.94552
41.1773	-1.63394
33.1429	-1.6539
36.3596	-1.49801
37.9832	-1.63149
37.2712	-1.25316
53.1033	-1.4091
87.0694	-1.74512
133.493	-1.99758
147.773	-1.99839
203.155	-1.40404
176.277	-1.51594
196.895	-1.5838
130.308	-2.1641
141.457	-2.04603
207.41	-1.86398
381.854	-1.71344
254.039	-2.09918
316.35	-1.80045
335.463	-1.67492
311.249	-1.64314
377.989	-1.32558
365.704	-1.18608
335.066	-1.0398
287.469	-1.04082
234.026	-1.35066
186.285	-1.15019
144.469	-1.32974
83.3097	-1.57588
55.8625	-1.30783
43.5118	-1.18694
91.5303	-0.858158
97.442	-0.858686
31.982	-0.984229
26.6217	-1.09808
25.8985	-1.11336
26.9569	-0.823444
25.8071	-0.955869
26.8057	-0.838996
24.9715	-0.728438
23.3004	-0.737361
21.2389	-0.69278
23.2459	-0.754188
23.1348	-0.893847
21.3626	-0.681407
22.926	-0.659683
20.8168	-0.75517
14.8006	-0.524442
21.4444	-0.794052
21.7646	-0.696466
22.7655	-0.851467
23.2461	-0.920913
22.5518	-0.843334
22.9738	-0.634108
22.898	-0.713648
21.7122	-0.872987
18.5142	-0.69546
22.7744	-0.703798
32.4002	-1.42347
78.0569	-1.89788
103.977	-1.98767
69.3887	-1.9532
80.2195	-1.82377
78.0985	-1.94946
94.4864	-1.77378
198.175	-1.65814
576.351	-1.45454
671.582	-1.39534
777.464	-1.34014
853.813	-1.42459
726.292	-1.48475
661.576	-1.41608
392.823	-1.47805
124.014	-1.88183
49.1424	-1.68711
43.3047	-1.67569
47.8242	-1.6767
234.638	-0.996875
93.0466	-0.856389
29.9654	-1.28395
24.0747	-1.1447
338.847	-0.384821
454.026	-0.554655
221.578	-0.251686
258.724	-0.448732
424.322	-0.950078
702.41	-1.08292
957.344	-1.03904
881.304	-1.25256
787.596	-1.23423
481.289	-1.59926
165.301	-1.93998
92.3626	-2.06712
85.4802	-2.01963
85.972	-1.94841
63.898	-2.03846
49.9693	-1.89779
44.7894	-1.61124
33.8852	-1.42192
31.8841	-1.27466
30.4064	-1.20222
87.9343	-0.932077
212.531	-1.22101
210.697	-1.74104
230.113	-1.76749
346.155	-1.65162
687.483	-1.50911
760.537	-1.52151
658.866	-1.78985
553.195	-1.75889
427.577	-1.92484
227.255	-1.89847
65.3858	-1.96792
42.3281	-1.68986
35.9044	-1.40336
72.024	-1.26009
248.074	-1.00642
179.957	-1.30181
168.29	-2.05236
226.705	-2.20521
260.562	-2.04767
259.76	-1.9688
271.347	-1.98259
450.188	-1.74781
642.458	-1.76793
726.105	-1.79652
828.249	-1.75899
890.914	-1.59747
773.335	-1.68367
834.97	-1.476
1201.82	-1.18923
745.25	-0.91975
523.785	-0.151573
293.182	0.198299
275.222	0.303675
229.005	0.260298
274.84	0.383774
243.527	0.350266
227.164	0.536698
242.199	0.350741
253.227	0.379101
238.706	0.389208
162.936	0.301199
280.445	-0.493283
480.597	-0.55853
448.294	-0.54427
462.147	-0.598777
446.186	-0.576877
375.366	-0.676937
272.863	-0.804185
148.368	-0.871215
44.596	-1.18423
32.7413	-1.05519
26.1127	-0.907818
24.4174	-0.770906
27.5643	-0.596423
178.669	-0.52943
177.771	-0.730868
224.94	-0.380107
118.549	-0.707781
130.815	-0.534084
104.391	-0.671469
150.031	-0.566991
225.445	-0.553537
110.287	-0.67081
170.272	-0.725166
297.203	-0.75879
246.05	-0.790542
258.538	-1.10658
380.993	-0.996819
474.454	-0.840579
659.861	-0.801954
601.614	-1.07028
1431.22	-0.720603
560.961	-0.968411
446.97	-1.16133
360.21	-0.665057
248.384	-0.200614
223.474	0.288749
243.955	0.445855
264.811	0.199927
258.785	0.141221
277.29	-0.702978
334.646	-1.20524
417.173	-1.1274
349.613	-1.39122
272.051	-1.6761
246.408	-1.66482
236.562	-1.79828
216.2	-1.95162
221.074	-1.65378
195.867	-1.64987
160.558	-1.51846
163.079	-1.11084
150.695	-0.869931
174.669	-0.209782
220.786	0.0968378
207.148	-0.0854294
265.24	0.292123
271.13	-0.106964
260.414	-0.0656853
211.303	-0.184485
200.596	-0.418249
112.184	-0.777309
76.7547	-1.1321
104.937	-1.6364
188.699	-1.53361
212.172	-1.48636
241.239	-1.39961
238.34	-1.32245
224.899	-1.35672
244.507	-1.23266
224.266	-1.45021
220.144	-1.46042
229.758	-1.41799
169.588	-1.38016
80.8488	-1.27809
58.016	-0.431333
77.6729	-0.96082
160.183	-1.58212
76.2957	-1.99703
85.0807	-1.82135
44.056	-1.46087
27.3016	-0.880982
23.7438	-0.886233
22.8071	-0.625085
22.916	-0.838452
22.3411	-0.705286
19.1567	-0.80022
20.3833	-0.770386
47.7625	-0.905922
201.148	-0.999344
197.524	-0.993883
61.4014	-0.814895
36.0538	-0.653209
36.2524	-0.778865
33.2931	-0.672205
31.3543	-0.722049
28.102	-0.837245
22.8751	-0.789639
22.3185	-0.762326
26.3234	-0.842952
24.1977	-0.842933
24.7542	-0.743351
23.5003	-0.822506
24.4015	-0.745475
22.8302	-0.780807
21.7965	-0.680155
22.3464	-0.698018
20.6238	-0.692955
19.7116	-0.8334
21.3235	-0.764071
11.7941	-0.611906
18.0563	-0.379473
20.5846	-0.727752
18.2535	-0.701119
18.9732	-0.730645
17.687	-0.5248
18.323	-0.62987
21.0374	-0.717908
18.8916	-0.526807
16.6876	-0.759276
18.3918	-0.650489
25.5227	-1.30334
43.6476	-1.90081
63.1242	-2.08577
97.0239	-1.79891
119.906	-1.73721
155.797	-1.58029
168.524	-1.59733
83.9671	-1.64532
81.397	-1.70317
74.3873	-1.78052
90.7921	-1.56901
115.159	-1.56708
424.098	-1.92118
399.376	-1.55718
435.949	-1.52201
448.442	-1.66044
433.627	-1.67365
400.041	-1.75889
382.183	-1.8129
310.65	-1.93999
223.833	-2.06912
221.553	-1.96675
218.021	-2.11048
203.324	-2.20703
230.013	-2.17812
710.961	-1.72862
700.794	-1.68725
780.612	-1.5188
794.669	-1.34612
359.108	-1.7468
137.045	-1.84248
93.3755	-1.85218
90.1947	-1.73281
120.2	-1.77917
179.481	-1.88188
198.955	-1.75617
390.965	-1.46373
573.475	-1.07649
695.732	-0.664836
715.217	-0.539856
540.051	-0.838273
259.937	-0.944045
120.784	-1.51868
108.057	-1.59743
108.558	-1.61866
89.6628	-1.8816
86.6873	-1.81171
205.311	-1.64946
349.853	-1.39263
174.854	-1.09741
93.3505	-0.711532
106.543	-0.383322
114.489	-0.171898
121.325	-0.332854
138.625	-0.621004
221.093	-0.65622
153.254	-0.806153
111.543	-0.803452
101.518	-1.00612
151.145	-1.98381
113.354	-2.04222
55.2159	-2.18845
172.31	-1.96859
190.937	-2.3615
160.643	-2.48226
141.03	-2.62846
124.034	-2.46718
94.2496	-2.37059
79.5654	-2.23075
79.1009	-2.0189
113.972	-2.15346
144.981	-2.26729
252.653	-2.05517
417.482	-1.89409
573.559	-1.80725
616.881	-1.85475
612.333	-1.88501
647.163	-1.79192
560.691	-1.77991
331.802	-1.776
100.821	-1.85266
44.1419	-1.93696
38.2057	-1.65786
27.1504	-1.50464
30.1796	-1.20238
34.8779	-1.30837
30.103	-1.15057
23.3883	-1.00428
24.8164	-1.02362
19.3518	-0.966755
20.0129	-0.958739
57.1748	-0.759159
219.735	-1.35594
667.021	-1.35631
700.94	-1.69349
590.477	-2.01125
502.715	-2.05897
194.157	-2.29583
145.246	-1.6087
201.72	-1.63172
255.482	-2.00587
138.205	-2.18859
66.3457	-1.96036
105.492	-2.03
185.915	-2.05022
164.697	-2.27587
143.509	-2.22552
182.509	-2.28436
232.972	-2.32651
280.215	-2.14456
317.711	-2.14274
343.1	-2.02604
395.076	-1.81091
380.173	-1.8009
335.011	-1.83137
289.293	-1.88671
233.261	-1.95865
146.297	-1.88732
53.3257	-1.95621
34.6058	-1.71714
30.1995	-1.3037
29.3969	-1.55128
32.0103	-1.38736
146.166	-0.834601
55.3628	-0.9595
143.448	-1.29015
204.529	-1.75377
255.275	-1.80886
264.755	-1.61799
248.373	-1.58441
285.322	-1.36704
221.636	-1.39249
223.273	-1.1985
150.226	-1.35452
155.094	-1.05145
108.957	-0.679364
136.168	0.376197
143.89	0.697724
182.593	0.941396
208.414	1.04938
198.523	1.005
220.209	0.818402
229.71	0.902745
212.242	0.9355
197.562	0.871803
243.258	0.859277
216.475	0.934681
209.867	0.693224
226.704	0.766151
198.977	0.682709
170.851	0.556638
155.468	0.671451
133.359	0.561619
81.9378	0.0753245
57.5762	-0.049389
42.9579	-0.182578
38.9218	-0.635503
32.2359	-0.624622
28.9617	-0.5316
24.3147	-0.682105
24.1364	-0.747597
22.3343	-0.823928
24.1397	-0.657673
22.1041	-0.507117
20.4432	-0.637589
18.5304	-0.609574
18.6433	-0.697444
20.1688	-0.678872
18.6518	-0.506538
10.3356	-0.689531
14.4846	-0.522427
14.0959	-0.669833
13.8162	-0.658939
48.1045	-0.509602
144.276	-0.979223
116.596	-2.03169
218.508	-1.97012
289.33	-1.95685
386.888	-1.69614
433.646	-1.57951
478.11	-1.58676
223.46	-1.77753
42.086	-1.85972
35.6934	-1.9618
32.2379	-1.89575
31.0536	-1.67772
24.4995	-1.58767
108.404	-0.0569455
468.395	0.0909802
169.103	-0.505503
115.213	-0.346801
74.2187	-0.497423
61.9851	-0.180716
56.7534	-0.23866
63.7214	-0.501592
75.4055	-0.794488
106.17	-1.2913
134.739	-1.45472
164.475	-1.25162
135.275	-1.49499
143.242	-1.57736
120.042	-1.83029
124.903	-2.01456
102.728	-2.09195
78.8749	-1.75413
77.9578	-1.77781
87.7985	-1.6309
102.098	-1.54383
110.14	-1.47011
121.919	-1.65965
401.829	-1.61483
634.823	-1.36418
542.486	-1.67402
599.896	-1.54643
643.728	-1.49086
511.993	-1.77041
391.304	-1.9088
260.648	-2.06107
173.901	-1.96983
113.575	-2.03931
100.224	-1.99054
116.906	-1.86304
138.197	-1.75577
144.306	-1.92641
189.831	-1.73539
233.437	-1.66901
245.258	-1.91674
328.617	-1.56923
350.369	-1.65869
496.324	-1.35872
502.488	-1.26462
367.354	-0.868751
326.738	0.377992
324.01	0.792254
237.119	1.02872
229.918	0.862144
221.686	0.796278
237.745	0.90787
243.363	0.593411
225.859	0.527279
173.27	0.131292
113.372	-0.576991
355.514	-1.29465
497.239	-1.27171
383.888	-1.4266
312.819	-1.59185
319.369	-1.48961
364.686	-1.48202
430.559	-1.49361
503.808	-1.34291
448.763	-1.61178
374.356	-1.75537
393.307	-1.74376
327.824	-1.75956
272.759	-1.81425
225.601	-2.0655
222.646	-1.94108
247.285	-1.69133
164.484	-2.03497
96.957	-2.24343
64.0091	-1.96755
54.0769	-1.95836
58.6885	-1.9227
61.5072	-1.94494
70.341	-1.84736
85.5532	-1.96704
134.572	-1.928
171.523	-1.86821
219.095	-1.65805
241.347	-1.65531
294.6	-1.47075
304.311	-1.51927
270.444	-1.63252
246	-1.67776
230.304	-1.54308
193.116	-1.59789
132.616	-1.73582
77.2981	-1.93147
78.4727	-1.5035
59.5713	-1.4975
48.9471	-1.53297
25.3977	-1.3787
23.7925	-1.1853
18.9822	-0.978152
16.9229	-0.614362
16.2048	-0.735337
15.831	-0.712638
15.5993	-0.492456
16.2368	-0.646645
12.3124	-0.807645
14.8249	-0.463537
14.849	-0.711511
16.6322	-0.864992
14.7528	-0.788083
18.8426	-1.11703
21.9907	-1.40113
26.0321	-1.62143
29.892	-1.4172
25.1533	-1.38843
19.7986	-1.6666
20.7924	-1.47349
166.318	-1.14724
345.233	-1.43042
251.944	-2.04286
193.106	-2.15344
174.999	-2.31327
312.91	-2.06366
311.076	-2.09197
282.543	-2.11046
262.282	-1.99069
196.549	-2.00762
128.778	-2.02991
99.9962	-2.21168
123.548	-2.20567
159.479	-2.18799
209.735	-2.16855
340.982	-2.04443
565.107	-1.90109
580.62	-2.04788
524.775	-1.91722
211.858	-2.06615
200.854	-1.71437
423.878	-1.7124
521.941	-2.00487
732.655	-1.81406
925.059	-1.67271
984.44	-1.67279
1010.82	-1.60591
984.811	-1.58307
935.846	-1.29566
539.603	-1.42672
222.344	-1.59678
161.454	-1.69346
127.045	-1.78171
85.1628	-2.01689
48.5349	-2.05203
41.6706	-1.93709
32.9248	-1.8631
26.4551	-1.43112
21.9537	-1.1534
121.184	-1.01582
194.127	-0.886908
151.09	-1.05034
299.313	-1.36677
407.994	-1.49247
566.993	-1.34746
569.307	-1.42058
484.223	-1.63525
458.076	-1.45471
362.869	-1.51144
275.818	-1.48682
174.258	-1.5038
117.672	-1.15898
243.289	-0.236217
174.762	0.0178149
119.681	0.0794115
136.872	0.306216
164.727	0.231603
202.686	0.426831
193.819	0.498466
189.441	0.371152
164.137	0.0732382
152.258	-0.273201
218.099	-1.33024
420.659	-1.4205
367.077	-1.61007
253.917	-1.81378
231.07	-1.749
234.265	-1.69186
297.172	-1.35181
281.867	-1.3317
261.301	-1.3465
229.609	-1.40174
198.798	-1.43454
204.834	-1.3766
186.418	-1.4034
180.844	-1.36801
101.364	-1.62838
71.374	-1.68785
85.1853	-1.71662
104.96	-1.50458
121.821	-1.56874
158.799	-1.54905
207.251	-1.78579
297.311	-1.60455
316.14	-1.62044
407.786	-1.53379
489.295	-1.38052
367.724	-0.70717
269.327	0.366816
214.476	0.49589
197.486	0.186885
197.639	0.292178
173.098	0.120871
169.745	0.265263
155.992	0.265143
160.333	0.0811463
146.024	0.189325
120.611	-0.134808
265.944	-1.35556
409.162	-1.69368
363.483	-1.91215
376.31	-2.10351
416.9	-2.02361
352.662	-2.15837
331.05	-2.08568
296.752	-2.11384
281.506	-2.00497
191.464	-1.97062
75.6152	-2.0198
61.3073	-2.02562
68.794	-1.74311
61.4307	-1.88339
66.1436	-1.86947
63.4415	-1.87641
78.056	-2.10701
211.016	-2.04339
393.249	-1.95491
470.157	-1.89516
619.845	-1.60615
721.529	-1.37241
796.09	-1.17676
627.55	-1.35409
445.628	-1.37984
241.121	-1.3165
52.0763	-1.5918
35.3518	-1.56314
25.5163	-1.58903
24.5263	-1.38273
108.669	-0.757912
250.027	-0.82616
274.821	-1.12974
533.001	-0.904606
545.809	-1.0639
1101.1	-0.784259
751.203	-0.611627
268.303	-0.491114
201.402	0.597167
137.733	0.500117
98.0273	0.309245
79.9672	-0.068997
72.7699	-0.185683
59.7494	-0.336148
50.6464	-0.465549
46.6315	-0.31023
66.6929	-0.167206
71.574	-0.240421
106.279	-1.00227
155.107	-1.07531
184.708	-0.869673
171.145	-0.85713
162.469	-0.871636
154.279	-0.835634
140.834	-0.819528
157.363	-0.794202
189.37	-0.798786
193.782	-1.09027
312.414	-0.942504
537.42	-0.884491
323.887	-0.965396
267.418	-0.598726
217.091	-0.249138
222.597	0.0671675
215.234	0.0829128
186.758	0.26953
204.48	0.203556
202.526	0.234924
198.718	-0.205659
322.371	-1.00563
347.552	-1.28772
325.008	-1.51994
162.992	-1.84971
98.0571	-1.87199
78.3793	-1.54069
57.5689	-1.66282
51.0322	-1.46038
40.3545	-1.24987
60.1737	-0.778452
283.939	-0.377253
225.366	-0.284348
99.276	0.0926849
98.6405	0.380037
120.149	0.325628
161.032	-0.443769
407.338	-1.1001
538.824	-1.1214
459.267	-1.13153
297.264	-1.56113
209.292	-1.69162
112.171	-1.71582
89.7174	-1.64422
105.705	-1.47812
131.797	-1.3337
193.043	-1.04266
175.135	-0.987451
174.342	-0.853422
172.058	-0.691147
150.437	-0.665911
147.905	-0.546257
161.458	-0.234498
148.602	-0.365039
180.723	-0.075289
187.14	-0.227499
169.067	-0.449365
195.414	-0.257465
190.352	-0.564174
162.26	-0.951332
185.188	-1.07083
206.499	-1.26873
258.122	-1.19562
269.682	-1.30632
250.585	-1.48204
286.654	-1.39775
269.744	-1.70114
263.88	-1.85934
294.848	-1.79744
337.323	-1.72883
380.914	-1.7589
401.073	-1.83694
459.464	-1.65953
403.522	-1.83662
334.09	-1.93885
294.925	-1.7015
188.509	-1.79214
113.209	-1.61235
54.7931	-1.60504
44.1846	-1.69232
41.2889	-1.58659
42.7063	-1.56863
32.233	-1.40342
29.2259	-1.06151
259.465	0.200729
304.56	0.00771999
224.538	0.0900435
246.855	0.10472
197.335	0.319102
177.41	0.375405
159.83	0.373149
177.446	0.358491
160.799	0.115153
116.908	0.189076
76.2127	-0.671026
108.141	-0.903826
131.873	-1.02068
176.195	-0.841438
176.038	-0.933639
152.576	-1.13296
132.376	-1.32573
135.583	-1.2952
123.312	-1.40054
117.076	-1.40539
86.0351	-1.44296
75.6004	-1.2914
53.9231	-1.37363
48.6529	-1.34563
34.4311	-1.26475
26.976	-1.23403
23.8439	-1.12079
25.3978	-1.18183
25.5144	-1.06596
21.9642	-1.03178
18.9718	-0.892714
17.4721	-0.71599
20.7425	-0.800934
18.8324	-0.877697
18.2045	-0.75614
17.5812	-0.777839
17.9407	-0.734732
15.9527	-0.603756
17.8715	-0.670401
19.3544	-0.711476
18.4439	-0.762409
16.3403	-0.751735
22.7727	-0.421385
24.1981	-0.219128
16.5008	-0.544338
18.1336	-0.686423
19.8424	-0.714016
51.9005	-1.84094
173.69	-1.85756
277.038	-1.96664
316.325	-1.95317
267.149	-2.15738
270.659	-2.15195
294.203	-2.03689
288.582	-1.81938
229.177	-1.16704
181.122	-0.904037
162.369	-0.615485
191.861	-0.584235
228.164	-0.731054
211.739	-0.978989
50.5395	-1.33059
40.6849	-1.49856
55.6641	-1.80818
82.5781	-1.79754
109.446	-1.66139
125.246	-1.72509
213.735	-1.69116
483.241	-1.71097
707.836	-1.48064
689.098	-1.34945
620.057	-1.09828
452.884	-0.904779
422.102	-0.624143
291.507	-0.321739
301.843	-0.0456975
274.133	0.0884163
324.41	0.0282444
314.926	-0.174935
279.755	-0.939364
345.76	-1.41527
371.632	-1.39069
434.668	-1.30149
433.762	-1.5161
323.168	-1.75393
219.865	-1.58123
212.71	-1.44006
256.95	-1.35162
298.287	-1.19504
357.502	-0.759744
375.112	-0.761695
429.094	-0.654639
419.222	-0.848538
465.201	-0.679869
581.441	-0.55381
564.336	-0.368992
457.411	-0.0304013
308.115	0.528652
247.904	0.265492
208.724	0.160803
162.7	-0.179107
146.146	-0.116297
156.851	0.0071693
172.004	-0.146487
170.647	0.0985262
155.347	0.192575
253.703	-0.980677
522.301	-0.919223
570.709	-0.80095
473.79	-0.783569
343.076	-0.827111
295.925	-0.552783
240.236	-0.212406
163.903	0.0358751
204.066	0.111058
157.879	0.0968526
186.554	0.273923
235.811	0.165151
177.823	-0.504719
85.4397	-0.460351
49.191	-0.304837
27.0939	-0.624202
24.5264	-0.732489
27.3533	-0.599882
35.5185	-0.529719
37.3014	-0.479528
80.613	-1.78811
264.018	-1.87564
307.855	-1.90585
351.663	-1.96083
335.611	-2.08952
346.891	-2.08031
482.173	-1.7374
483.05	-1.73591
558.962	-1.30212
314.23	-1.64135
117.692	-1.90241
107.89	-1.9365
184.943	-1.92115
186.617	-2.01396
180.61	-2.13627
190.46	-2.38052
210.99	-2.26047
237.171	-2.14914
256.602	-2.43305
213.895	-2.493
152.091	-2.3518
167.253	-2.21024
268.839	-2.0005
243.73	-2.26095
262.906	-2.20165
279.839	-2.05675
337.086	-1.71311
391.235	-1.49102
509.193	-1.28995
641.105	-1.19276
788.659	-1.09706
841	-1.02842
785.216	-1.0291
690.302	-0.972867
590.908	-0.963568
473.867	-0.93002
390.568	-0.834697
305.179	-0.879354
287.775	-0.87319
267.074	-0.93453
263.149	-0.902782
245.666	-1.02996
175.653	-1.21584
111.218	-1.43823
103.018	-1.23749
116.12	-0.68667
111.58	-0.222215
87.5152	-0.0361015
87.1042	-0.13373
150.486	-0.171039
341.295	-0.412476
249.917	-0.429903
318.345	-0.732264
450.24	-1.30616
705.64	-1.40066
904.167	-1.51545
1109.79	-1.35126
1157.02	-1.23347
1001.75	-1.30534
777.598	-1.37708
527.277	-1.39427
237.198	-1.45657
65.7483	-1.86782
33.7252	-1.38744
27.9186	-1.27332
27.7723	-1.15297
329.4	-1.01294
488.589	-0.837251
407.996	-1.12006
647.775	-1.16734
630.123	-1.51796
669.545	-1.31246
509.08	-1.61562
255.223	-1.87386
110.744	-1.87756
108.226	-1.56325
113.735	-1.53301
104.263	-1.57865
96.3985	-1.74689
102.958	-1.74329
107.718	-1.76635
205.185	-0.958221
276.036	-0.312551
304.626	-0.269073
239.215	-0.663202
193.632	-0.929628
108.952	-1.35747
70.1262	-1.76025
70.2734	-1.64513
78.2652	-1.63988
146.968	-1.55357
455.334	-1.32968
566.548	-1.32722
512.25	-1.57632
459.652	-1.75799
455.888	-1.65416
420.809	-1.61387
350.259	-1.76626
352.908	-1.76208
310.237	-1.76165
247.367	-1.95078
200.269	-1.86447
134.537	-2.13723
145.721	-1.99144
154.911	-1.78916
177.947	-1.55104
182.237	-1.62197
178.05	-1.66803
219.933	-1.25384
228.343	-1.24003
223.425	-0.951867
183.224	-0.935499
205.052	-0.730858
178.305	-0.635505
154.71	-0.590494
172.478	-0.475859
133.665	-0.641807
52.3829	-0.906122
49.2339	-0.627396
120.739	0.418692
140.778	0.720944
102.999	0.741361
97.8656	1.01136
97.6712	0.778506
82.1411	0.714182
86.3457	0.933867
93.5531	0.741096
109.597	0.847865
119.014	0.945972
111.432	0.71288
112.958	0.939281
116.573	0.807182
92.4625	0.580305
68.456	0.00211424
40.867	-0.489929
23.8464	-0.649975
22.463	-0.689102
22.032	-0.755062
18.0063	-0.76347
20.3997	-0.642358
18.4528	-0.754387
18.2312	-0.88474
19.5818	-0.841232
18.5411	-0.862082
19.5659	-0.730747
18.0938	-0.627689
18.1447	-0.731224
