[0]	14.7919
[1]	22.4056
[2]	20.4936
[3]	23.9917
[4]	20.0675
[5]	18.4361
[6]	16.3632
[7]	20.4733
[8]	18.4289
[9]	17.8521
[10]	16.3593
[11]	20.7638
[12]	17.9383
[13]	16.4176
[14]	19.5431
[15]	51.468
[16]	113.122
[17]	140.494
[18]	194.685
[19]	226.047
[20]	264.82
[21]	258.641
[22]	267.039
[23]	218.086
[24]	179.423
[25]	182.594
[26]	196.042
[27]	201.38
[28]	204.152
[29]	210.677
[30]	208.073
[31]	219.416
[32]	226.772
[33]	233.718
[34]	220.931
[35]	229.981
[36]	503.332
[37]	881.446
[38]	976.253
[39]	1083.2
[40]	1076.17
[41]	941.16
[42]	936.351
[43]	1022.81
[44]	867.103
[45]	795.897
[46]	618.087
[47]	247.272
[48]	391.578
[49]	559.29
[50]	774.192
[51]	1054.64
[52]	1109.45
[53]	1025.37
[54]	906.515
[55]	841.947
[56]	722.943
[57]	428.741
[58]	109.806
[59]	88.047
[60]	114.505
[61]	128.443
[62]	153.977
[63]	146.057
[64]	156.69
[65]	171.548
[66]	167.487
[67]	264.593
[68]	453.022
[69]	563.672
[70]	615.984
[71]	623.96
[72]	607.014
[73]	577.305
[74]	509.242
[75]	353.975
[76]	214.84
[77]	159.845
[78]	111.197
[79]	137.442
[80]	156.831
[81]	215.359
[82]	219.171
[83]	262.161
[84]	345.303
[85]	438.799
[86]	491.024
[87]	453.513
[88]	315.924
[89]	145.616
[90]	100.58
[91]	81.7536
[92]	73.8863
[93]	60.2927
[94]	106.277
[95]	97.0968
[96]	75.5852
[97]	120.612
[98]	124.864
[99]	123.085
[100]	108.496
[101]	38.199
[102]	26.0529
[103]	24.7997
[104]	30.7183
[105]	90.537
[106]	123.178
[107]	157.1
[108]	638.049
[109]	669.968
[110]	348.737
[111]	229.187
[112]	160.177
[113]	92.7166
[114]	62.773
[115]	45.8271
[116]	44.4485
[117]	46.4776
[118]	42.706
[119]	46.9342
[120]	50.0773
[121]	67.5955
[122]	86.513
[123]	115.718
[124]	124.557
[125]	106.737
[126]	76.2218
[127]	72.3148
[128]	52.3773
[129]	31.0981
[130]	21.8477
[131]	22.0207
[132]	20.4049
[133]	18.346
[134]	20.6364
[135]	25.6823
[136]	34.1013
[137]	39.884
[138]	107.411
[139]	461.989
[140]	86.7171
[141]	33.3963
[142]	257.316
[143]	503.456
[144]	704.304
[145]	737.218
[146]	734.909
[147]	702.002
[148]	649.262
[149]	630.292
[150]	658.692
[151]	640.144
[152]	527.483
[153]	513.396
[154]	463.024
[155]	377.995
[156]	317.801
[157]	391.287
[158]	343.927
[159]	274.312
[160]	105.102
[161]	36.0548
[162]	37.4561
[163]	32.6623
[164]	35.2637
[165]	31.8557
[166]	27.5433
[167]	38.6144
[168]	85.9689
[169]	34.8486
[170]	36.5355
[171]	33.1749
[172]	34.9535
[173]	40.5651
[174]	50.8401
[175]	67.4279
[176]	101.708
[177]	163.821
[178]	139.547
[179]	112.734
[180]	112.204
[181]	344.959
[182]	126.646
[183]	99.4494
[184]	47.3321
[185]	61.7432
[186]	46.6672
[187]	44.0807
[188]	38.197
[189]	36.5992
[190]	30.3448
[191]	31.9116
[192]	28.9276
[193]	23.2731
[194]	24.6361
[195]	21.261
[196]	18.9285
[197]	21.622
[198]	20.1145
[199]	22.2445
[200]	19.7022
[201]	15.1978
[202]	19.1236
[203]	19.7746
[204]	19.4603
[0]	14.204
[1]	20.205
[2]	23.977
[3]	14.737
[4]	14.3466
[5]	13.8974
[6]	14.8326
[7]	15.7024
[8]	14.5975
[9]	13.8993
[10]	14.785
[11]	20.9681
[12]	344.683
[13]	328.152
[14]	467.047
[15]	558.265
[16]	220.6
[17]	221.259
[18]	369.207
[19]	518.061
[20]	682.427
[21]	726.96
[22]	802.099
[23]	774.053
[24]	809.758
[25]	774.658
[26]	633.422
[27]	570.652
[28]	455.806
[29]	338.231
[30]	278.493
[31]	232.503
[32]	210.113
[33]	207.408
[34]	261.284
[35]	374.916
[36]	513.26
[37]	711
[38]	931.988
[39]	1191.82
[40]	1233.69
[41]	989.14
[42]	731.965
[43]	531.754
[44]	422.957
[45]	376.87
[46]	363.939
[47]	284.759
[48]	138.013
[49]	79.6252
[50]	260.167
[51]	386.243
[52]	308.569
[53]	204.81
[54]	438.999
[55]	691.411
[56]	904.284
[57]	1046.31
[58]	1266.74
[59]	1512.32
[60]	1540.39
[61]	1631.69
[62]	1667.53
[63]	1598.35
[64]	1574.15
[65]	1470.2
[66]	1262.28
[67]	1046.96
[68]	835.215
[69]	658.825
[70]	605.633
[71]	586.899
[72]	390.75
[73]	215.258
[74]	219.277
[75]	213.919
[76]	197.19
[77]	232.076
[78]	243.505
[79]	401.674
[80]	649.426
[81]	633.655
[82]	532.317
[83]	357.95
[84]	202.161
[85]	139.796
[86]	131.651
[87]	120.531
[88]	98.7531
[89]	73.6991
[90]	86.0349
[91]	57.3246
[92]	35.5056
[93]	19.4027
[94]	19.8132
[95]	19.3093
[96]	168.663
[97]	583.438
[98]	129.876
[99]	347.12
[100]	697.775
[101]	355.761
[102]	445.632
[103]	100.355
[104]	46.0774
[105]	32.5696
[106]	27.0864
[107]	45.2909
[108]	196.038
[109]	127.381
[110]	90.0537
[111]	266.448
[112]	509.267
[113]	521.245
[114]	429.058
[115]	264.615
[116]	104.418
[117]	31.1204
[118]	21.8782
[119]	23.6013
[120]	146.122
[121]	150.474
[122]	52.4729
[123]	38.4454
[124]	216.437
[125]	327.045
[126]	319.078
[127]	203.125
[128]	118.182
[129]	124.211
[130]	143.095
[131]	122.362
[132]	117.228
[133]	124.506
[134]	128.747
[135]	107.949
[136]	101.813
[137]	104.703
[138]	86.9276
[139]	108.8
[140]	229.442
[141]	341.97
[142]	277.566
[143]	283.104
[144]	105.397
[145]	79.6297
[146]	93.0083
[147]	81.4186
[148]	60.5792
[149]	33.5205
[150]	33.4417
[151]	26.4969
[152]	22.1695
[153]	23.4627
[154]	30.0295
[155]	28.5661
[156]	45.0079
[157]	159.767
[158]	260.749
[159]	133.131
[160]	156.302
[161]	143.404
[162]	108.517
[163]	103.018
[164]	114.302
[165]	121.015
[166]	122.346
[167]	137.511
[168]	160.835
[169]	121.356
[170]	68.0945
[171]	52.9007
[172]	51.9044
[173]	50.9152
[174]	47.6547
[175]	39.3694
[176]	25.9897
[177]	23.3049
[178]	22.0166
[179]	19.3414
[180]	165.347
[181]	108.073
[182]	69.266
[183]	38.6594
[184]	53.7739
[185]	149.912
[186]	185.36
[187]	186.385
[188]	109.031
[189]	57.0161
[190]	114.174
[191]	172.502
[192]	109.825
[193]	42.3926
[194]	18.9577
[195]	19.7989
[196]	18.5298
[197]	18.9806
[198]	48.4512
[199]	113.51
[200]	48.0455
[201]	178.185
[202]	331.733
[203]	391.581
[204]	484.096
[205]	523.701
[206]	592.7
[207]	567.452
[208]	519.995
[209]	390.927
[210]	240.47
[211]	96.5766
[212]	82.4049
[213]	69.8022
[214]	53.0753
[215]	41.9957
[216]	37.5327
[217]	42.2113
[218]	31.0255
[219]	31.6993
[220]	23.3697
[221]	22.6679
[222]	18.0308
[223]	18.0252
[224]	18.124
[0]	11.6489
[1]	18.3222
[2]	18.5696
[3]	18.4219
[4]	18.0692
[5]	18.2932
[6]	17.8499
[7]	18.3024
[8]	22.5083
[9]	19.843
[10]	23.9463
[11]	261.586
[12]	845.006
[13]	817.765
[14]	551.04
[15]	382.653
[16]	275.442
[17]	209.795
[18]	213.005
[19]	225.317
[20]	178.433
[21]	219.947
[22]	209.445
[23]	216.619
[24]	224.834
[25]	254.739
[26]	314.891
[27]	251.391
[28]	244.341
[29]	267.394
[30]	216.074
[31]	191.106
[32]	485.386
[33]	709.116
[34]	758.318
[35]	660.395
[36]	438.183
[37]	234.761
[38]	216.824
[39]	179.977
[40]	167.44
[41]	122.697
[42]	126.863
[43]	121.819
[44]	103.332
[45]	204.806
[46]	406.663
[47]	515.754
[48]	500.2
[49]	248.687
[50]	310.649
[51]	353.923
[52]	285.471
[53]	255.027
[54]	218.077
[55]	185.601
[56]	173.554
[57]	443.255
[58]	712.967
[59]	781.456
[60]	695.362
[61]	501.855
[62]	320.722
[63]	143.165
[64]	49.8025
[65]	32.6741
[66]	30.1365
[67]	36.2682
[68]	50.4717
[69]	35.6952
[70]	115.393
[71]	185.706
[72]	206.81
[73]	212.668
[74]	201.81
[75]	156.128
[76]	101.954
[77]	76.1678
[78]	73.8236
[79]	104.015
[80]	146.496
[81]	143.657
[82]	159.056
[83]	116.447
[84]	136.82
[85]	207.272
[86]	172.342
[87]	121.984
[88]	239.701
[89]	421.946
[90]	491.092
[91]	532.643
[92]	504.817
[93]	384.104
[94]	245.38
[95]	151.664
[96]	97.9297
[97]	79.7507
[98]	88.1411
[99]	75.7388
[100]	100.529
[101]	120.806
[102]	153.597
[103]	179.739
[104]	232.826
[105]	282.924
[106]	109.249
[107]	53.1356
[108]	143.871
[109]	84.3777
[110]	72.6865
[111]	449.505
[112]	619.412
[113]	824.3
[114]	769.676
[115]	865.401
[116]	860.178
[117]	816.762
[118]	681.343
[119]	574.301
[120]	454.253
[121]	385.438
[122]	303.409
[123]	215.075
[124]	145.945
[125]	103.727
[126]	98.8071
[127]	85.9409
[128]	87.9291
[129]	80.2466
[130]	86.3763
[131]	81.7828
[132]	81.5412
[133]	80.4846
[134]	86.8175
[135]	105.78
[136]	127.763
[137]	126.408
[138]	135.371
[139]	148.306
[140]	175.651
[141]	171.013
[142]	129.882
[143]	112.373
[144]	92.0349
[145]	57.5356
[146]	48.904
[147]	87.6041
[148]	287.873
[149]	341.258
[150]	474.77
[151]	369.797
[152]	525.241
[153]	235.461
[154]	451.481
[155]	162.885
[156]	247.987
[157]	160.06
[158]	119.251
[159]	88.4474
[160]	57.2855
[161]	41.4506
[162]	32.4847
[163]	25.8504
[164]	25.2823
[165]	22.4297
[166]	23.3633
[167]	21.8054
[168]	18.0194
[169]	16.8761
[170]	19.537
[171]	19.1069
[172]	19.3751
[173]	17.0751
[174]	17.0777
[0]	21.7437
[1]	18.0372
[2]	18.5088
[3]	20.9097
[4]	18.8156
[5]	19.6577
[6]	20.1007
[7]	17.633
[8]	18.9615
[9]	23.0945
[10]	31.4468
[11]	36.1834
[12]	38.4089
[13]	42.6524
[14]	34.2643
[15]	41.0412
[16]	138.957
[17]	114.632
[18]	119.535
[19]	141.435
[20]	147.359
[21]	133.839
[22]	110.455
[23]	112.522
[24]	128.783
[25]	114.746
[26]	132.632
[27]	135.396
[28]	138.278
[29]	151.692
[30]	134.065
[31]	137.888
[32]	135.683
[33]	123.634
[34]	102.151
[35]	276.122
[36]	456.588
[37]	556.835
[38]	590.56
[39]	663.198
[40]	695.668
[41]	611.007
[42]	555.797
[43]	398.53
[44]	209.178
[45]	171.519
[46]	150.638
[47]	147.115
[48]	147.748
[49]	144.823
[50]	119.942
[51]	125.211
[52]	98.7624
[53]	104.213
[54]	132.822
[55]	194.004
[56]	67.839
[57]	222.422
[58]	112.871
[59]	166.135
[60]	249.322
[61]	108.022
[62]	104.869
[63]	135.126
[64]	346.443
[65]	472.227
[66]	1196.07
[67]	1236.76
[68]	1250.85
[69]	1194.55
[70]	1009.57
[71]	812.188
[72]	546.789
[73]	324.615
[74]	184.282
[75]	204.195
[76]	247.968
[77]	269.285
[78]	237.494
[79]	196.928
[80]	170.359
[81]	174.891
[82]	263.388
[83]	893.267
[84]	1043.36
[85]	924.192
[86]	501.152
[87]	140.671
[88]	53.6127
[89]	38.1888
[90]	29.5928
[91]	37.0107
[92]	91.9513
[93]	187.625
[94]	92.1252
[95]	573.077
[96]	781.286
[97]	669.266
[98]	588.651
[99]	451.208
[100]	197.591
[101]	173.44
[102]	183.902
[103]	180.502
[104]	141.893
[105]	154.714
[106]	147.423
[107]	139.485
[108]	154.555
[109]	168.44
[110]	136.539
[111]	167.161
[112]	151.918
[113]	148.756
[114]	133.16
[115]	94.8724
[116]	69.2524
[117]	60.0696
[118]	51.5496
[119]	41.9988
[120]	39.7769
[121]	32.1819
[122]	25.8911
[123]	24.5725
[124]	25.3124
[125]	27.5362
[126]	28.0368
[127]	204.997
[128]	114.271
[129]	223.497
[130]	175.056
[131]	104.03
[132]	112.93
[133]	541.887
[134]	562.966
[135]	443.461
[136]	491.487
[137]	502.086
[138]	386.166
[139]	119.75
[140]	36.3778
[141]	30.1868
[142]	24.5496
[143]	24.2994
[144]	25.0552
[145]	23.1483
[146]	23.0598
[147]	21.1666
[148]	99.6447
[149]	100.488
[150]	134.921
[151]	244.377
[152]	488.087
[153]	596.836
[154]	638.291
[155]	491.528
[156]	293.677
[157]	190.372
[158]	119.692
[159]	141.87
[160]	95.0828
[161]	80.6883
[162]	71.341
[163]	69.9267
[164]	66.6109
[165]	55.0885
[166]	59.3363
[167]	58.3563
[168]	59.3397
[169]	94.601
[170]	133.882
[171]	148.706
[172]	100.628
[173]	138.452
[174]	83.9052
[175]	94.4813
[176]	88.8777
[177]	152.945
[178]	168.346
[179]	132.689
[180]	122.392
[181]	123.844
[182]	96.3636
[183]	78.9578
[184]	78.7577
[185]	79.57
[186]	111.012
[187]	176.814
[188]	243.371
[189]	325.802
[190]	407.423
[191]	412.623
[192]	370.945
[193]	207.778
[194]	261.313
[195]	215.105
[196]	202.505
[197]	189.539
[198]	181.415
[199]	169.524
[200]	156.429
[201]	126.8
[202]	62.4147
[203]	28.2222
[204]	20.2269
[205]	21.9978
[206]	24.1432
[207]	22.8446
[208]	24.7978
[209]	19.8267
[210]	28.2742
[211]	80.8357
[212]	30.3579
[213]	34.4989
[214]	58.8764
[215]	93.8196
[216]	94.5713
[217]	89.6322
[218]	104.634
[219]	91.5218
[220]	90.2606
[221]	88.2796
[222]	86.6173
[223]	92.0593
[224]	69.3175
[225]	55.0768
[226]	41.2918
[227]	33.9265
[228]	23.7049
[229]	20.2844
[230]	22.3751
[231]	20.061
[232]	18.6932
[233]	17.6553
[234]	19.6724
[235]	17.6771
[236]	18.2793
[237]	17.1174
[238]	17.8197
[239]	18.0906
[0]	20.9558
[1]	23.2639
[2]	25.4463
[3]	22.6518
[4]	18.998
[5]	20.7985
[6]	20.7252
[7]	24.8556
[8]	22.3217
[9]	22.189
[10]	25.6758
[11]	29.5979
[12]	39.2706
[13]	45.9986
[14]	51.377
[15]	159.655
[16]	430.827
[17]	409.832
[18]	559.466
[19]	610.186
[20]	596.748
[21]	573.331
[22]	463.304
[23]	348.528
[24]	281.992
[25]	254.498
[26]	216.313
[27]	255.219
[28]	236.762
[29]	237.796
[30]	204.271
[31]	194.745
[32]	217.555
[33]	172.497
[34]	175.888
[35]	262.376
[36]	320.17
[37]	416.638
[38]	553.099
[39]	650.643
[40]	682.113
[41]	593.09
[42]	564.505
[43]	362.12
[44]	265.312
[45]	183.308
[46]	132.059
[47]	163.232
[48]	105.064
[49]	92.4073
[50]	83.6709
[51]	83.9526
[52]	111.873
[53]	155.705
[54]	187.58
[55]	227.169
[56]	238.542
[57]	236.222
[58]	299.92
[59]	348.469
[60]	337.504
[61]	329.788
[62]	328.663
[63]	268.621
[64]	214.694
[65]	159.994
[66]	154.983
[67]	185.914
[68]	218.394
[69]	223.729
[70]	167.794
[71]	151.502
[72]	173.084
[73]	150.866
[74]	98.125
[75]	105.64
[76]	57.3843
[77]	32.3995
[78]	37.5901
[79]	41.0358
[80]	102.203
[81]	929.92
[82]	536.232
[83]	284.55
[84]	436.372
[85]	674.493
[86]	731.808
[87]	866.199
[88]	895.609
[89]	819.774
[90]	666.631
[91]	498.5
[92]	341.685
[93]	235.184
[94]	211.85
[95]	156.898
[96]	149.155
[97]	165.823
[98]	161.023
[99]	148.738
[100]	145.116
[101]	134.725
[102]	120.397
[103]	106.246
[104]	115.679
[105]	187.796
[106]	299.974
[107]	338.224
[108]	345.76
[109]	347.746
[110]	317.791
[111]	307.77
[112]	163.238
[113]	98.6832
[114]	77.7343
[115]	61.7235
[116]	56.3976
[117]	48.9819
[118]	46.6235
[119]	52.9801
[120]	65.9542
[121]	127.466
[122]	292.794
[123]	397.717
[124]	459.887
[125]	437.034
[126]	499.093
[127]	467.614
[128]	257.465
[129]	90.5622
[130]	79.3785
[131]	67.8858
[132]	91.2022
[133]	93.5824
[134]	94.9371
[135]	146.406
[136]	217.613
[137]	261.221
[138]	321.231
[139]	321.229
[140]	278.997
[141]	181.966
[142]	158.771
[143]	131.977
[144]	102.618
[145]	85.2672
[146]	75.1959
[147]	57.6495
[148]	52.4648
[149]	40.5053
[150]	37.3029
[151]	51.3647
[152]	35.7017
[153]	27.075
[154]	28.6591
[155]	25.6806
[156]	25.4859
[157]	22.1569
[158]	24.4237
[159]	22.9898
[160]	21.4518
[161]	21.3248
[162]	24.4433
[163]	21.1882
[164]	20.8783
[0]	12.4585
[1]	18.2884
[2]	17.2743
[3]	17.933
[4]	17.506
[5]	16.3629
[6]	17.0121
[7]	16.4541
[8]	17.8801
[9]	17.2403
[10]	15.2732
[11]	16.5139
[12]	16.5764
[13]	141.047
[14]	340.495
[15]	134.464
[16]	75.4233
[17]	79.4604
[18]	113.201
[19]	171.246
[20]	176.532
[21]	212.201
[22]	252.981
[23]	264.473
[24]	254.684
[25]	276.783
[26]	269.397
[27]	163.967
[28]	153.615
[29]	139.039
[30]	136.742
[31]	138.54
[32]	127.956
[33]	116.714
[34]	100.708
[35]	199.864
[36]	516.944
[37]	756.07
[38]	778.832
[39]	276.566
[40]	442.701
[41]	902.754
[42]	1319.08
[43]	1468.94
[44]	1324.4
[45]	1305.05
[46]	1229.5
[47]	1326.3
[48]	1238.48
[49]	1128.64
[50]	719.734
[51]	220.78
[52]	57.4094
[53]	45.6145
[54]	37.2577
[55]	33.6941
[56]	27.3605
[57]	28.8437
[58]	25.7932
[59]	23.1693
[60]	32.1079
[61]	75.808
[62]	92.868
[63]	307.748
[64]	414.58
[65]	295.403
[66]	204.292
[67]	380.075
[68]	521.084
[69]	663.972
[70]	549.093
[71]	649.994
[72]	675.386
[73]	633.344
[74]	496.999
[75]	268.35
[76]	380.589
[77]	354.813
[78]	254.306
[79]	238.567
[80]	70.8199
[81]	33.9995
[82]	28.7452
[83]	23.8492
[84]	27.5732
[85]	22.4799
[86]	28.9152
[87]	113.214
[88]	100.781
[89]	155.334
[90]	54.5936
[91]	70.3016
[92]	69.1163
[93]	216.506
[94]	309.048
[95]	229.619
[96]	246.889
[97]	260.724
[98]	268.337
[99]	295.032
[100]	274.516
[101]	225.557
[102]	198.018
[103]	211.815
[104]	291.522
[105]	304.466
[106]	325.905
[107]	288.027
[108]	294.349
[109]	195.491
[110]	95.2714
[111]	77.6727
[112]	72.0823
[113]	86.8042
[114]	76.7494
[115]	69.0441
[116]	71.6776
[117]	78.2344
[118]	63.3274
[119]	68.1633
[120]	84.2946
[121]	69.5637
[122]	46.5427
[123]	51.6437
[124]	261.769
[125]	477.067
[126]	564.885
[127]	501.681
[128]	473.64
[129]	346.842
[130]	296.59
[131]	249.759
[132]	167.538
[133]	154.18
[134]	112.351
[135]	65.8655
[136]	32.9979
[137]	24.8052
[138]	20.188
[139]	18.7182
[140]	17.8591
[141]	16.4897
[142]	19.8086
[143]	93.2808
[144]	83.4508
[145]	186.993
[146]	124.609
[147]	53.3341
[148]	194.892
[149]	359.948
[150]	401.052
[151]	436.107
[152]	446.697
[153]	422.76
[154]	397.071
[155]	364.037
[156]	356.702
[157]	317.333
[158]	250.743
[159]	112.984
[160]	61.5951
[161]	78.7204
[162]	102.365
[163]	149.16
[164]	169.646
[165]	217.765
[166]	236.36
[167]	114.739
[168]	140.424
[169]	93.8862
[170]	80.6496
[171]	73.0985
[172]	67.7631
[173]	52.3488
[174]	26.2653
[175]	20.5411
[176]	17.7761
[177]	17.9865
[178]	17.3564
[179]	18.3134
[180]	19.5035
[181]	17.397
[182]	17.6361
[183]	14.9749
[184]	17.7825
[185]	15.862
[186]	15.9181
[187]	70.1089
[188]	69.6631
[189]	121.772
[190]	63.8198
[191]	31.3774
[192]	28.5396
[193]	25.0681
[194]	20.2899
[195]	19.9063
[196]	19.8561
[197]	20.4581
[198]	16.635
[199]	16.0896
[200]	17.948
[201]	15.6018
[202]	16.5672
[203]	15.9803
[204]	15.1097
[0]	15.0037
[1]	18.6708
[2]	17.0122
[3]	16.4734
[4]	17.142
[5]	16.3546
[6]	16.9793
[7]	16.4597
[8]	20.6415
[9]	28.3129
[10]	34.5212
[11]	44.8464
[12]	54.4824
[13]	102.029
[14]	644.801
[15]	1307.39
[16]	1433.93
[17]	1054.1
[18]	391.81
[19]	110.363
[20]	48.3585
[21]	36.2611
[22]	32.9462
[23]	28.6052
[24]	25.1095
[25]	186.944
[26]	269.421
[27]	93.2299
[28]	408.085
[29]	622.363
[30]	635.778
[31]	576.013
[32]	424.62
[33]	168.117
[34]	62.2922
[35]	39.5459
[36]	31.0952
[37]	38.4046
[38]	80.513
[39]	129.998
[40]	139.375
[41]	131.037
[42]	384.179
[43]	479.175
[44]	462.437
[45]	426.712
[46]	368.221
[47]	274.2
[48]	197.989
[49]	145.405
[50]	155.025
[51]	119.519
[52]	91.5667
[53]	51.6276
[54]	82.0179
[55]	143.652
[56]	91.5629
[57]	104.595
[58]	66.2395
[59]	83.4378
[60]	91.8096
[61]	100.914
[62]	165.803
[63]	127.847
[64]	117.518
[65]	99.1675
[66]	88.7621
[67]	89.7373
[68]	92.0943
[69]	86.9566
[70]	67.146
[71]	60.4152
[72]	50.5634
[73]	64.11
[74]	63.0118
[75]	47.1456
[76]	48.272
[77]	70.6881
[78]	59.0744
[79]	87.3713
[80]	86.2355
[81]	100.88
[82]	102.711
[83]	74.0998
[84]	66.6181
[85]	136.21
[86]	268.331
[87]	261.11
[88]	303.582
[89]	357.898
[90]	378.901
[91]	379.594
[92]	380.629
[93]	329.673
[94]	355.732
[95]	398.438
[96]	442.412
[97]	526.653
[98]	644.779
[99]	750.659
[100]	765.358
[101]	749.537
[102]	724.026
[103]	688.957
[104]	602.923
[105]	397.149
[106]	190.194
[107]	135.22
[108]	144.417
[109]	158.579
[110]	144.841
[111]	152.172
[112]	145.331
[113]	150.812
[114]	138.671
[115]	146.145
[116]	139.48
[117]	145.144
[118]	392.372
[119]	475.086
[120]	378.013
[121]	336.684
[122]	252.563
[123]	169.355
[124]	122.444
[125]	88.7249
[126]	91.793
[127]	83.0594
[128]	80.1622
[129]	83.4057
[130]	83.2918
[131]	99.8562
[132]	120.083
[133]	199.328
[134]	277.713
[135]	357.79
[136]	367.298
[137]	391.315
[138]	264.674
[139]	107.719
[140]	157.483
[141]	272.721
[142]	403.126
[143]	472.458
[144]	461.663
[145]	411.823
[146]	382.883
[147]	328.916
[148]	351.109
[149]	344.235
[150]	333.399
[151]	297.38
[152]	265.413
[153]	239.539
[154]	242.001
[155]	311.914
[156]	391.508
[157]	512.912
[158]	649.561
[159]	670.285
[160]	645.983
[161]	584.672
[162]	498.133
[163]	364.565
[164]	296.467
[165]	217.83
[166]	146.555
[167]	139.296
[168]	170.772
[169]	124.502
[170]	86.9528
[171]	127.579
[172]	103.34
[173]	101.553
[174]	82.9044
[175]	58.8156
[176]	37.6407
[177]	52.3717
[178]	86.406
[179]	140.897
[180]	119.249
[181]	119.484
[182]	105.617
[183]	100.864
[184]	84.4591
[185]	66.8532
[186]	50.7733
[187]	32.1358
[188]	25.2229
[189]	22.6888
[190]	21.523
[191]	21.7478
[192]	19.0227
[193]	52.7679
[194]	238.776
[195]	142.553
[196]	165.332
[197]	311.039
[198]	290.411
[199]	211.976
[200]	98.4751
[201]	95.3146
[202]	85.8975
[203]	77.3739
[204]	73.696
[205]	65.1139
[206]	50.8748
[207]	40.8287
[208]	81.4218
[209]	124.422
[210]	75.3254
[211]	64.5557
[212]	59.3297
[213]	44.4806
[214]	39.0032
[215]	36.2515
[216]	30.2694
[217]	26.5006
[218]	23.2045
[219]	28.4173
[220]	99.6655
[221]	155.406
[222]	230.75
[223]	258.387
[224]	76.4064
[225]	128.339
[226]	116.053
[227]	286.83
[228]	354.621
[229]	312.118
[230]	201.555
[231]	130.798
[232]	102.361
[233]	119.295
[234]	102.26
[235]	107.861
[236]	91.3618
[237]	92.9362
[238]	81.7122
[239]	69.2675
[240]	60.1294
[241]	51.6686
[242]	53.1329
[243]	54.5922
[244]	50.7816
[245]	216.134
[246]	342.399
[247]	156.517
[248]	286.962
[249]	139.868
[250]	183.411
[251]	52.4338
[252]	41.506
[253]	77.4987
[254]	128.996
[255]	50.5415
[256]	40.4795
[257]	63.3287
[258]	60.8369
[259]	50.4112
[260]	49.4405
[261]	38.981
[262]	35.8604
[263]	38.46
[264]	30.7669
[265]	26.5383
[266]	27.1447
[267]	25.0375
[268]	18.4036
[269]	19.5569
[270]	91.7066
[271]	58.0097
[272]	53.0072
[273]	70.0082
[274]	81.2513
[275]	68.8289
[276]	75.058
[277]	62.4923
[278]	57.9517
[279]	57.1323
[280]	41.6563
[281]	32.7854
[282]	30.1743
[283]	21.6729
[284]	17.0121
[285]	15.8436
[286]	18.1358
[287]	18.5428
[288]	17.6489
[289]	18.056
[290]	16.7136
[291]	16.3267
[292]	15.9433
[293]	18.8697
[294]	14.9383
[0]	15.0118
[1]	18.4512
[2]	20.0091
[3]	19.9706
[4]	18.3243
[5]	20.4299
[6]	18.7818
[7]	16.8584
[8]	16.0777
[9]	18.9851
[10]	19.9621
[11]	24.6278
[12]	30.0298
[13]	37.2513
[14]	87.0357
[15]	146.953
[16]	182.302
[17]	198.571
[18]	262.958
[19]	389.621
[20]	457.904
[21]	889.818
[22]	1148.59
[23]	1163.38
[24]	1103.01
[25]	977.835
[26]	797.102
[27]	509.074
[28]	293.559
[29]	193.071
[30]	194.905
[31]	218.294
[32]	214.432
[33]	244.839
[34]	355.707
[35]	320.139
[36]	462.683
[37]	503.268
[38]	521.184
[39]	486.666
[40]	401.787
[41]	258.883
[42]	85.787
[43]	42.0487
[44]	39.8631
[45]	33.1024
[46]	32.8072
[47]	27.951
[48]	163.775
[49]	229.375
[50]	253.894
[51]	100.343
[52]	178.314
[53]	442.751
[54]	546.814
[55]	524.305
[56]	380.686
[57]	197.555
[58]	61.5177
[59]	35.242
[60]	46.8741
[61]	52.1582
[62]	60.8803
[63]	69.684
[64]	140.791
[65]	147.16
[66]	209.084
[67]	613.485
[68]	517.881
[69]	901.26
[70]	837.224
[71]	844.189
[72]	699.027
[73]	640.863
[74]	768.947
[75]	625.054
[76]	477.489
[77]	342.105
[78]	169.719
[79]	136.455
[80]	132.968
[81]	143.174
[82]	150.797
[83]	158.051
[84]	159.688
[85]	157.163
[86]	180.198
[87]	179.712
[88]	188.098
[89]	186.518
[90]	191.21
[91]	177.252
[92]	188.013
[93]	299.052
[94]	345.252
[95]	350.047
[96]	402.969
[97]	443.107
[98]	445.398
[99]	441.093
[100]	400.386
[101]	336.465
[102]	215.406
[103]	112.865
[104]	60.5496
[105]	49.4619
[106]	39.3581
[107]	32.3992
[108]	29.426
[109]	33.0218
[110]	32.9236
[111]	47.9525
[112]	87.7087
[113]	175.812
[114]	257.456
[115]	394.165
[116]	428.095
[117]	435.124
[118]	544.341
[119]	762.155
[120]	873.306
[121]	730.934
[122]	595.767
[123]	608.755
[124]	379.196
[125]	267.843
[126]	437.859
[127]	363.545
[128]	402.448
[129]	669.766
[130]	432.175
[131]	798.138
[132]	377.995
[133]	708.319
[134]	412.492
[135]	551.24
[136]	352.585
[137]	441.669
[138]	475.418
[139]	558.335
[140]	592.821
[141]	603.486
[142]	513.014
[143]	368.489
[144]	269.62
[145]	191.287
[146]	123.192
[147]	108.524
[148]	87.5104
[149]	71.2983
[150]	64.3503
[151]	56.3607
[152]	41.3916
[153]	43.8821
[154]	40.7569
[155]	40.3595
[156]	58.9528
[157]	61.0433
[158]	100.744
[159]	83.8229
[160]	92.7233
[161]	102.912
[162]	88.8812
[163]	90.949
[164]	63.5053
[165]	51.0525
[166]	50.2944
[167]	149.789
[168]	296.932
[169]	405.129
[170]	413.138
[171]	485.893
[172]	508.043
[173]	407.856
[174]	353.452
[175]	173.385
[176]	113.751
[177]	113.213
[178]	105.553
[179]	119.886
[180]	112.27
[181]	129.223
[182]	121.548
[183]	129.676
[184]	79.264
[185]	26.53
[186]	19.4324
[187]	24.6775
[188]	25.6439
[189]	28.159
[190]	126.36
[191]	140.68
[192]	163.917
[193]	315.151
[194]	178.096
[195]	195.826
[196]	323.921
[197]	413.755
[198]	389.317
[199]	354.949
[200]	341.829
[201]	274.699
[202]	204.962
[203]	181.137
[204]	117.639
[205]	77.6779
[206]	70.8908
[207]	76.9363
[208]	90.983
[209]	79.7507
[210]	83.2674
[211]	80.4353
[212]	87.9441
[213]	86.9468
[214]	68.6536
[215]	57.9569
[216]	52.9533
[217]	61.0471
[218]	161.431
[219]	148.402
[220]	102.204
[221]	66.1336
[222]	45.6065
[223]	27.4498
[224]	23.0292
[225]	17.6837
[226]	19.3782
[227]	19.8327
[228]	19.6804
[229]	18.1017
[230]	21.5663
[231]	85.3718
[232]	76.6823
[233]	32.6459
[234]	48.5991
[235]	32.7427
[236]	30.9433
[237]	47.4498
[238]	67.3501
[239]	75.8728
[240]	67.6789
[241]	60.4857
[242]	59.5756
[243]	54.1542
[244]	52.2302
[245]	42.7967
[246]	40.3902
[247]	32.3531
[248]	28.02
[249]	24.1267
[250]	18.1322
[251]	162.701
[252]	204.245
[253]	101.599
[254]	68.5221
[255]	53.9237
[256]	44.7883
[257]	43.7724
[258]	69.6977
[259]	131.38
[260]	134.746
[261]	231.199
[262]	398.576
[263]	486.891
[264]	396.08
[265]	206.641
[266]	147.129
[267]	119.605
[268]	90.3261
[269]	78.6076
[270]	58.9684
[271]	51.111
[272]	41.5728
[273]	41.0316
[274]	39.4506
[275]	31.7955
[276]	28.0002
[277]	26.6741
[278]	25.8338
[279]	27.5137
[280]	27.8894
[281]	26.1234
[282]	29.7282
[283]	26.4245
[284]	21.7454
[285]	20.1523
[286]	19.2961
[287]	19.4248
[288]	19.671
[289]	17.2167
[290]	19.5835
[291]	19.7914
[292]	17.2292
[293]	17.9768
[294]	18.1808
[0]	10.3452
[1]	13.8458
[2]	15.4847
[3]	15.2752
[4]	15.7582
[5]	19.1815
[6]	64.952
[7]	250.288
[8]	38.1897
[9]	67.5481
[10]	165.259
[11]	431.249
[12]	504.79
[13]	882.73
[14]	795.347
[15]	830.693
[16]	916.315
[17]	777.984
[18]	681.017
[19]	604.494
[20]	541.75
[21]	570.562
[22]	625.175
[23]	745.088
[24]	969.364
[25]	1207.35
[26]	1330.37
[27]	1276.48
[28]	1177.46
[29]	999.779
[30]	785.027
[31]	491.081
[32]	189.394
[33]	114.74
[34]	101.491
[35]	76.7863
[36]	59.3037
[37]	48.3278
[38]	134.189
[39]	86.1103
[40]	110.258
[41]	126.387
[42]	142.033
[43]	160.378
[44]	152.587
[45]	142.37
[46]	171.196
[47]	206.226
[48]	205.633
[49]	200.359
[50]	201.009
[51]	174.214
[52]	169.684
[53]	161.737
[54]	167.976
[55]	153.519
[56]	126.774
[57]	135.55
[58]	111.14
[59]	76.076
[60]	59.9387
[61]	53.062
[62]	65.8326
[63]	73.9506
[64]	114.454
[65]	176.193
[66]	314.835
[67]	440.773
[68]	521.461
[69]	581.67
[70]	619.669
[71]	596.274
[72]	599.162
[73]	575.511
[74]	495.118
[75]	423.999
[76]	433.542
[77]	464.544
[78]	505.043
[79]	554.947
[80]	632.786
[81]	674.168
[82]	702.352
[83]	640.081
[84]	688.43
[85]	498.246
[86]	479.948
[87]	454.481
[88]	326.719
[89]	273.978
[90]	285.758
[91]	217.691
[92]	181.954
[93]	149.265
[94]	124.952
[95]	105.715
[96]	83.7717
[97]	72.4722
[98]	69.0257
[99]	65.6144
[100]	65.6758
[101]	66.0832
[102]	78.1352
[103]	94.8887
[104]	131.532
[105]	181.117
[106]	178.895
[107]	158.578
[108]	132.903
[109]	105.738
[110]	80.5665
[111]	64.4635
[112]	47.3982
[113]	268.295
[114]	507.799
[115]	529.743
[116]	548.112
[117]	469.37
[118]	361.697
[119]	261.605
[120]	175.236
[121]	111.822
[122]	90.756
[123]	68.1492
[124]	51.7347
[125]	42.2649
[126]	36.7673
[127]	25.0431
[128]	26.7261
[129]	23.195
[130]	17.2452
[131]	27.3614
[132]	42.1293
[133]	28.2645
[134]	29.9917
[135]	28.2301
[136]	26.2483
[137]	48.5724
[138]	144.18
[139]	190.357
[140]	199.598
[141]	219.871
[142]	244.124
[143]	276.583
[144]	228.511
[145]	249.291
[146]	278.795
[147]	329.765
[148]	417.991
[149]	396.45
[150]	463.239
[151]	457.098
[152]	510.734
[153]	511.775
[154]	237.337
[155]	161.154
[156]	202.553
[157]	156.566
[158]	113.743
[159]	71.2169
[160]	56.545
[161]	47.9463
[162]	39.8103
[163]	34.5696
[164]	30.9457
[165]	23.9818
[166]	21.638
[167]	18.9287
[168]	20.447
[169]	17.5506
[170]	15.8755
[171]	15.802
[172]	17.6869
[173]	16.508
[174]	15.7949
[0]	10.5907
[1]	15.9189
[2]	14.4944
[3]	15.3592
[4]	15.36
[5]	20.0175
[6]	14.3838
[7]	14.2016
[8]	14.0664
[9]	14.4978
[10]	15.0337
[11]	14.1774
[12]	17.5939
[13]	32.5285
[14]	70.3153
[15]	71.4543
[16]	134.609
[17]	156.352
[18]	173.948
[19]	268.553
[20]	440.885
[21]	593.938
[22]	599.168
[23]	587.016
[24]	460.222
[25]	354.302
[26]	221.794
[27]	172.93
[28]	134.63
[29]	145.571
[30]	206.962
[31]	340.214
[32]	380.354
[33]	369.792
[34]	323.491
[35]	275.033
[36]	182.683
[37]	140.73
[38]	109.422
[39]	101.394
[40]	118.223
[41]	137.059
[42]	176.346
[43]	216.58
[44]	238.615
[45]	196.015
[46]	162.627
[47]	149.397
[48]	145.64
[49]	159.722
[50]	175.408
[51]	188.365
[52]	175.181
[53]	173.375
[54]	195.484
[55]	204.15
[56]	167.645
[57]	179.458
[58]	166.56
[59]	195.1
[60]	137.53
[61]	145.805
[62]	136.94
[63]	115.994
[64]	116.518
[65]	100.226
[66]	61.2839
[67]	197.163
[68]	485.25
[69]	574.105
[70]	607.418
[71]	666.968
[72]	679.012
[73]	690.918
[74]	701.405
[75]	727.233
[76]	643.149
[77]	597.741
[78]	529.633
[79]	441.947
[80]	372.762
[81]	369.671
[82]	366.807
[83]	370.559
[84]	384.321
[85]	387.546
[86]	403.272
[87]	446.439
[88]	486.222
[89]	482.756
[90]	467.388
[91]	440.455
[92]	354.367
[93]	251.851
[94]	207.391
[95]	181.199
[96]	102.114
[97]	81.0803
[98]	76.151
[99]	131.351
[100]	118.994
[101]	117.824
[102]	108.037
[103]	140.653
[104]	167.106
[105]	152.535
[106]	173.214
[107]	150.865
[108]	113.674
[109]	120.41
[110]	89.1742
[111]	58.6805
[112]	53.109
[113]	190.18
[114]	199.621
[115]	171.952
[116]	173.631
[117]	149.913
[118]	111.242
[119]	117.894
[120]	117.526
[121]	105.67
[122]	107.526
[123]	115.832
[124]	110.563
[125]	105.14
[126]	95.5834
[127]	84.1412
[128]	84.1063
[129]	86.4352
[130]	65.1563
[131]	59.2089
[132]	125.741
[133]	439.353
[134]	854.66
[135]	1092.93
[136]	1296.63
[137]	985.367
[138]	744.078
[139]	604.326
[140]	441.375
[141]	230.247
[142]	55.75
[143]	34.7819
[144]	35.8568
[145]	29.9854
[146]	29.4909
[147]	70.1593
[148]	87.5051
[149]	169.414
[150]	156.64
[151]	123.051
[152]	91.4643
[153]	84.7886
[154]	73.0914
[155]	87.8875
[156]	251.672
[157]	325.255
[158]	475.531
[159]	538.162
[160]	548.878
[161]	591.903
[162]	435.98
[163]	89.7719
[164]	29.6669
[165]	29.958
[166]	23.1042
[167]	59.5457
[168]	150.509
[169]	113.31
[170]	37.4691
[171]	139.769
[172]	418.244
[173]	313.152
[174]	290.223
[175]	233.155
[176]	139.633
[177]	95.3475
[178]	108.301
[179]	104.904
[180]	111.397
[181]	104.182
[182]	117.945
[183]	126.384
[184]	136.104
[185]	173.132
[186]	222.537
[187]	266.322
[188]	289.446
[189]	266.613
[190]	258.838
[191]	231.57
[192]	205.024
[193]	199.962
[194]	200.407
[195]	220.805
[196]	212.335
[197]	156.289
[198]	154.293
[199]	163.467
[200]	160.585
[201]	152.905
[202]	170.933
[203]	198.497
[204]	276.302
[205]	420.52
[206]	527.007
[207]	582.471
[208]	547.681
[209]	502.212
[210]	414.979
[211]	258.38
[212]	162.336
[213]	128.848
[214]	101.016
[215]	77.4234
[216]	54.5694
[217]	43.5204
[218]	33.2262
[219]	24.1436
[220]	21.7766
[221]	20.5235
[222]	21.3901
[223]	32.0677
[224]	56.8084
[225]	77.2457
[226]	66.8007
[227]	215.494
[228]	331.64
[229]	354.085
[230]	423.834
[231]	415.251
[232]	374.365
[233]	338.528
[234]	283.745
[235]	199.21
[236]	141.853
[237]	162.161
[238]	149.957
[239]	167.147
[240]	180.154
[241]	145.421
[242]	140.369
[243]	136.824
[244]	107.031
[245]	100.218
[246]	86.9372
[247]	84.0686
[248]	237.75
[249]	288.691
[250]	309.9
[251]	373.688
[252]	377.844
[253]	368.067
[254]	297.279
[255]	231.783
[256]	146
[257]	86.5371
[258]	84.7017
[259]	96.3476
[260]	107.094
[261]	124.975
[262]	128.297
[263]	120.718
[264]	144.823
[265]	142.323
[266]	125.105
[267]	96.1913
[268]	69.984
[269]	43.2713
[270]	181.213
[271]	396.767
[272]	387.546
[273]	382.993
[274]	400.836
[275]	370.766
[276]	358.313
[277]	321.269
[278]	262.581
[279]	151.003
[280]	57.8285
[281]	28.1506
[282]	26.3559
[283]	25.6912
[284]	25.5992
[285]	29.2777
[286]	23.3196
[287]	27.1646
[288]	66.9873
[289]	74.0692
[290]	89.7978
[291]	95.4589
[292]	93.1676
[293]	90.9207
[294]	79.8298
[295]	73.8056
[296]	68.3603
[297]	63.328
[298]	58.7451
[299]	51.5856
[300]	47.1037
[301]	43.0086
[302]	48.8388
[303]	108.007
[304]	203.921
[305]	247.826
[306]	267.397
[307]	247.38
[308]	236.102
[309]	323.142
[310]	350.627
[311]	382.242
[312]	429.477
[313]	453.613
[314]	473.011
[315]	445.525
[316]	327.653
[317]	125.059
[318]	123.43
[319]	135.958
[320]	152.262
[321]	148.963
[322]	126.228
[323]	91.4177
[324]	80.5573
[325]	65.5344
[326]	46.8729
[327]	36.2782
[328]	51.4649
[329]	54.3088
[330]	57.2186
[331]	47.8908
[332]	58.3677
[333]	60.9045
[334]	58.9045
[335]	53.5482
[336]	56.5613
[337]	56.84
[338]	58.0414
[339]	56.2466
[0]	25.531
[1]	17.3147
[2]	16.9256
[3]	18.2069
[4]	20.6275
[5]	20.4726
[6]	20.7326
[7]	20.8994
[8]	26.3914
[9]	31.6682
[10]	31.0267
[11]	27.3834
[12]	70.0453
[13]	175.828
[14]	244.12
[15]	286.753
[16]	242.624
[17]	179.554
[18]	131.479
[19]	129.812
[20]	126.452
[21]	131.86
[22]	154.691
[23]	304.659
[24]	301.494
[25]	369.355
[26]	538.756
[27]	553.305
[28]	478.894
[29]	477.29
[30]	453.04
[31]	311.114
[32]	228.5
[33]	205.441
[34]	205.366
[35]	171.312
[36]	136.234
[37]	96.0752
[38]	64.3777
[39]	103.013
[40]	108.647
[41]	96.1877
[42]	88.9571
[43]	89.7804
[44]	79.5572
[45]	85.7622
[46]	279.632
[47]	336.75
[48]	383.556
[49]	424.072
[50]	412.22
[51]	448.743
[52]	452.742
[53]	533.799
[54]	697.893
[55]	849.256
[56]	1063.02
[57]	1163.38
[58]	1099.07
[59]	718.535
[60]	305.532
[61]	120.435
[62]	127.954
[63]	130.234
[64]	106.836
[65]	99.544
[66]	80.3319
[67]	57.8344
[68]	46.0448
[69]	73.0111
[70]	70.8422
[71]	102.583
[72]	151.23
[73]	164.238
[74]	169.603
[75]	195.046
[76]	204.014
[77]	127.712
[78]	90.8392
[79]	40.1068
[80]	29.615
[81]	29.7798
[82]	45.4707
[83]	74.1163
[84]	239.472
[85]	473.358
[86]	563.225
[87]	646.289
[88]	557.837
[89]	441.297
[90]	249.254
[91]	268.163
[92]	690.645
[93]	1267.22
[94]	1657.6
[95]	1716.08
[96]	1670.13
[97]	1519.93
[98]	1405.68
[99]	1116.24
[100]	747.043
[101]	606.206
[102]	539.003
[103]	445.661
[104]	322.209
[105]	114.737
[106]	46.7493
[107]	41.9043
[108]	34.8627
[109]	32.5023
[110]	34.4107
[111]	108.2
[112]	148.669
[113]	90.8709
[114]	553.734
[115]	780.768
[116]	830.781
[117]	602.913
[118]	304.14
[119]	89.2746
[120]	108.827
[121]	83.8927
[122]	40.9223
[123]	35.3678
[124]	29.2074
[125]	65.2331
[126]	56.0675
[127]	173.243
[128]	144.587
[129]	83.4572
[130]	313.193
[131]	631.997
[132]	716.916
[133]	602.344
[134]	288.321
[135]	167.238
[136]	199.594
[137]	214.631
[138]	207.519
[139]	300.99
[140]	365.002
[141]	725.961
[142]	893.601
[143]	1104.14
[144]	1241.93
[145]	1240.78
[146]	1135.39
[147]	810.96
[148]	523.6
[149]	96.3516
[150]	49.4347
[151]	46.1807
[152]	39.226
[153]	31.9845
[154]	54.5786
[155]	155.071
[156]	215.014
[157]	236.875
[158]	483.735
[159]	649.656
[160]	656.927
[161]	496.065
[162]	193.038
[163]	70.8895
[164]	47.0038
[165]	41.8908
[166]	34.5594
[167]	35.6324
[168]	35.4365
[169]	36.04
[170]	42.5817
[171]	37.9324
[172]	42.3972
[173]	87.3725
[174]	308.324
[175]	255.526
[176]	508.129
[177]	540.476
[178]	598.68
[179]	600.299
[180]	559.958
[181]	319.492
[182]	116.208
[183]	48.2814
[184]	33.7274
[185]	56.7014
[186]	34.1146
[187]	25.378
[188]	24.541
[189]	26.1175
[190]	90.851
[191]	91.7306
[192]	39.506
[193]	35.1412
[194]	29.6131
[195]	40.7249
[196]	111.283
[197]	132.027
[198]	127.779
[199]	97.1526
[200]	110.504
[201]	101.77
[202]	107.8
[203]	115.117
[204]	137.96
[205]	124.275
[206]	109.793
[207]	106.411
[208]	100.407
[209]	97.1111
[210]	97.6391
[211]	142.92
[212]	382.365
[213]	586.448
[214]	603.812
[215]	538.228
[216]	463.032
[217]	473.705
[218]	598.985
[219]	603.177
[220]	431.521
[221]	217.193
[222]	355.964
[223]	462.529
[224]	598.369
[225]	652.598
[226]	636.248
[227]	539.231
[228]	420.325
[229]	319.894
[230]	256.895
[231]	163.112
[232]	117.535
[233]	124.59
[234]	119.01
[235]	110.419
[236]	135.373
[237]	167.625
[238]	181.302
[239]	151.102
[240]	104.964
[241]	86.3491
[242]	141.968
[243]	325.122
[244]	379.194
[245]	422.71
[246]	464.861
[247]	456.247
[248]	273.872
[249]	76.2791
[250]	50.6882
[251]	309.871
[252]	271.739
[253]	61.1644
[254]	71.0469
[255]	147.273
[256]	292.696
[257]	453.679
[258]	597.375
[259]	648.746
[260]	670.333
[261]	589.866
[262]	532.629
[263]	481.503
[264]	437.698
[265]	389.068
[266]	326.706
[267]	271.75
[268]	164.597
[269]	178.717
[270]	79.1518
[271]	123.382
[272]	59.5281
[273]	91.7576
[274]	48.8687
[275]	57.8834
[276]	47.161
[277]	41.3944
[278]	40.1409
[279]	32.6101
[280]	28.6011
[281]	24.1548
[282]	25.5585
[283]	22.4021
[284]	34.278
[285]	94.3687
[286]	23.2084
[287]	22.2571
[288]	20.237
[289]	18.4301
[290]	18.7258
[291]	20.4676
[292]	19.7668
[293]	19.8332
[294]	17.8776
[0]	11.3275
[1]	15.3208
[2]	14.6763
[3]	15.7351
[4]	15.184
[5]	12.9202
[6]	14.7554
[7]	13.1759
[8]	13.3533
[9]	13.0056
[10]	17.3963
[11]	31.6845
[12]	102.174
[13]	131.268
[14]	142.258
[15]	169.484
[16]	181.72
[17]	171.601
[18]	160.845
[19]	154.219
[20]	140.194
[21]	155.956
[22]	155.458
[23]	152.014
[24]	139.119
[25]	130.238
[26]	138.57
[27]	227.967
[28]	155.211
[29]	151.697
[30]	178.252
[31]	167.703
[32]	141.078
[33]	175.643
[34]	138.577
[35]	171.675
[36]	175.403
[37]	153.795
[38]	181.091
[39]	144.579
[40]	123.552
[41]	96.1424
[42]	105.831
[43]	353.839
[44]	573.231
[45]	790.2
[46]	1058.46
[47]	1379.65
[48]	1745.31
[49]	1685.84
[50]	1506.04
[51]	1152.39
[52]	733.711
[53]	311.69
[54]	93.0964
[55]	81.5048
[56]	90.8139
[57]	63.2457
[58]	47.9057
[59]	44.1291
[60]	42.0331
[61]	35.9015
[62]	31.1405
[63]	129.036
[64]	281.976
[65]	469.426
[66]	695.711
[67]	639.642
[68]	537.172
[69]	443.853
[70]	558.492
[71]	704.858
[72]	789.716
[73]	903.664
[74]	877.313
[75]	663.869
[76]	503.709
[77]	340.696
[78]	139.71
[79]	48.072
[80]	28.7392
[81]	25.1852
[82]	32.4803
[83]	44.2132
[84]	26.8579
[85]	30.3414
[86]	25.9064
[87]	25.0339
[88]	70.6381
[89]	207.462
[90]	124.524
[91]	104.847
[92]	170.523
[93]	164.887
[94]	175.543
[95]	174.181
[96]	197.661
[97]	212.728
[98]	186.441
[99]	115.712
[100]	95.4597
[101]	114.552
[102]	110.036
[103]	121.26
[104]	123.46
[105]	169.772
[106]	271.1
[107]	258.631
[108]	266.262
[109]	264.774
[110]	274.768
[111]	274.54
[112]	131.584
[113]	68.0848
[114]	62.1387
[115]	77.1323
[116]	88.3247
[117]	95.7197
[118]	97.9232
[119]	108.404
[120]	105.752
[121]	99.988
[122]	91.1647
[123]	62.2242
[124]	42.2057
[125]	232.659
[126]	274.543
[127]	323.676
[128]	332.023
[129]	311.043
[130]	333.917
[131]	382.67
[132]	457.828
[133]	543.159
[134]	566.702
[135]	593.59
[136]	558.176
[137]	547.072
[138]	485.021
[139]	392.622
[140]	326.743
[141]	253.201
[142]	184.853
[143]	151.465
[144]	224.035
[145]	175.406
[146]	138.984
[147]	80.3363
[148]	107.244
[149]	121.298
[150]	115.433
[151]	136.775
[152]	144.953
[153]	170.641
[154]	152.434
[155]	113.31
[156]	124.175
[157]	122.367
[158]	133.792
[159]	146.413
[160]	132.547
[161]	148.04
[162]	144.562
[163]	140.706
[164]	141.042
[165]	158.658
[166]	163.294
[167]	168.375
[168]	237.46
[169]	276.611
[170]	308.97
[171]	337.057
[172]	327.504
[173]	387.103
[174]	486.694
[175]	319.201
[176]	369.634
[177]	144.28
[178]	200.448
[179]	95.1083
[180]	59.0224
[181]	40.9985
[182]	28.1565
[183]	25.4578
[184]	19.3718
[185]	17.0443
[186]	16.1563
[187]	15.3748
[188]	15.6076
[189]	15.6018
[190]	13.5528
[191]	16.1853
[192]	13.9832
[193]	16.6803
[194]	14.5412
[0]	13.5212
[1]	20.2208
[2]	20.655
[3]	20.8839
[4]	20.2904
[5]	17.5584
[6]	19.2186
[7]	20.4037
[8]	19.9263
[9]	16.9822
[10]	18.2736
[11]	17.1304
[12]	53.5049
[13]	172.504
[14]	53.7532
[15]	41.1598
[16]	78.824
[17]	492.825
[18]	605.231
[19]	334.546
[20]	224.834
[21]	167.859
[22]	160.906
[23]	152.661
[24]	146.851
[25]	154.741
[26]	168.287
[27]	141.318
[28]	123.294
[29]	98.2702
[30]	195.067
[31]	344.961
[32]	413.617
[33]	426.876
[34]	433.656
[35]	380.254
[36]	290.607
[37]	240.784
[38]	145.74
[39]	109.31
[40]	102.231
[41]	104.178
[42]	94.3188
[43]	89.581
[44]	80.3133
[45]	75.8969
[46]	64.1177
[47]	58.1116
[48]	208.128
[49]	194.113
[50]	228.994
[51]	333.845
[52]	483.842
[53]	628.12
[54]	738.468
[55]	775.46
[56]	836.16
[57]	842.271
[58]	769.791
[59]	636.093
[60]	547.31
[61]	352.332
[62]	173.32
[63]	67.29
[64]	40.4524
[65]	39.3256
[66]	32.4629
[67]	34.8418
[68]	91.2827
[69]	189.211
[70]	316.871
[71]	381.721
[72]	370.447
[73]	334.367
[74]	289.493
[75]	228.63
[76]	171.754
[77]	149.657
[78]	142.534
[79]	118.936
[80]	115.564
[81]	84.0555
[82]	62.4418
[83]	41.1747
[84]	34.68
[85]	24.8992
[86]	25.9326
[87]	216.388
[88]	199.894
[89]	129.544
[90]	248.041
[91]	492.379
[92]	495.263
[93]	433.656
[94]	315.53
[95]	171.24
[96]	108.609
[97]	111.58
[98]	113.442
[99]	127.812
[100]	126.615
[101]	137.182
[102]	145.217
[103]	167.078
[104]	264.737
[105]	336.643
[106]	407.267
[107]	455.153
[108]	473.252
[109]	493.324
[110]	527.982
[111]	523.21
[112]	506.597
[113]	448.67
[114]	460.199
[115]	531.506
[116]	533.747
[117]	561.333
[118]	605.294
[119]	622.973
[120]	690.479
[121]	633.876
[122]	681.148
[123]	589.461
[124]	621.215
[125]	744.264
[126]	881.911
[127]	790.46
[128]	665.372
[129]	379.455
[130]	136.922
[131]	101.162
[132]	90.1777
[133]	74.8343
[134]	63.1673
[135]	56.583
[136]	51.7456
[137]	48.8136
[138]	39.8727
[139]	37.0313
[140]	30.0873
[141]	25.1744
[142]	21.4242
[143]	20.8086
[144]	23.4103
[145]	19.8566
[146]	36.4879
[147]	92.9746
[148]	421.001
[149]	652.39
[150]	920.421
[151]	884.208
[152]	1075.9
[153]	944.473
[154]	665.421
[155]	317.643
[156]	63.477
[157]	37.6159
[158]	33.6091
[159]	30.0833
[160]	30.4603
[161]	30.7605
[162]	97.3225
[163]	94.8785
[164]	130.769
[165]	183.358
[166]	210.595
[167]	112.452
[168]	84.1422
[169]	56.3672
[170]	37.5714
[171]	35.7622
[172]	32.4128
[173]	42.5555
[174]	45.566
[175]	45.216
[176]	75.304
[177]	151.106
[178]	201.373
[179]	223.486
[180]	263.453
[181]	248.757
[182]	164.049
[183]	143.223
[184]	171.117
[185]	169.682
[186]	152.599
[187]	161.844
[188]	195.15
[189]	176.373
[190]	156.029
[191]	140.193
[192]	105.25
[193]	107.202
[194]	305.78
[195]	359.07
[196]	388.275
[197]	433.024
[198]	453.226
[199]	345.995
[200]	311.511
[201]	286.816
[202]	164.161
[203]	60.8984
[204]	49.6939
[205]	42.0177
[206]	44.1781
[207]	45.5726
[208]	42.5252
[209]	34.9255
[210]	37.4069
[211]	105.74
[212]	203.371
[213]	257.026
[214]	246.419
[215]	212.739
[216]	210.624
[217]	177.997
[218]	128.587
[219]	122.469
[220]	213.106
[221]	228.455
[222]	329.401
[223]	207.626
[224]	236.451
[225]	138.523
[226]	105.737
[227]	96.7302
[228]	92.7825
[229]	94.8725
[230]	103.01
[231]	61.6128
[232]	54.1589
[233]	44.569
[234]	68.3375
[235]	74.419
[236]	87.7714
[237]	104.435
[238]	99.8395
[239]	98.2152
[240]	89.3446
[241]	93.6533
[242]	103.693
[243]	107.27
[244]	122.382
[245]	125.992
[246]	101.274
[247]	86.6512
[248]	61.766
[249]	49.7138
[250]	39.3207
[251]	37.9136
[252]	33.1553
[253]	28.839
[254]	23.6857
[255]	23.6518
[256]	22.4544
[257]	23.3408
[258]	21.1467
[259]	20.8874
[0]	13.0519
[1]	17.6144
[2]	19.7165
[3]	21.6916
[4]	20.2481
[5]	22.7557
[6]	19.1338
[7]	18.8174
[8]	18.9051
[9]	21.9776
[10]	19.4558
[11]	18.5854
[12]	17.8222
[13]	19.1693
[14]	21.1297
[15]	20.9159
[16]	22.2156
[17]	21.2461
[18]	23.5446
[19]	19.6691
[20]	20.7471
[21]	24.8831
[22]	20.9124
[23]	34.3166
[24]	36.313
[25]	31.0602
[26]	22.0991
[27]	30.2849
[28]	202.323
[29]	424.964
[30]	443.167
[31]	531.201
[32]	506.945
[33]	491.375
[34]	443.693
[35]	351.962
[36]	231.004
[37]	121.744
[38]	52.8675
[39]	35.0256
[40]	31.8683
[41]	26.2825
[42]	28.2325
[43]	23.8557
[44]	234.575
[45]	410.694
[46]	134.223
[47]	667.326
[48]	871.618
[49]	858.938
[50]	956.922
[51]	995.521
[52]	987.441
[53]	964.703
[54]	854.401
[55]	799.426
[56]	694.139
[57]	539.919
[58]	424.214
[59]	286.172
[60]	198.789
[61]	137.909
[62]	137.645
[63]	139.758
[64]	127.602
[65]	140.796
[66]	205.622
[67]	416.397
[68]	671.874
[69]	772.877
[70]	540.365
[71]	340.884
[72]	531.254
[73]	734.117
[74]	859.574
[75]	812.15
[76]	690.796
[77]	496.001
[78]	235.664
[79]	134.582
[80]	118.046
[81]	136.438
[82]	107.992
[83]	121.708
[84]	110.491
[85]	96.6158
[86]	72.6911
[87]	68.8801
[88]	79.3102
[89]	212.148
[90]	463.981
[91]	581.343
[92]	685.721
[93]	718.622
[94]	577.342
[95]	319.857
[96]	100.453
[97]	96.1141
[98]	80.6267
[99]	107.931
[100]	121.995
[101]	138.273
[102]	145.986
[103]	166.911
[104]	174.053
[105]	161.855
[106]	186.754
[107]	203.89
[108]	346.621
[109]	721.525
[110]	735.001
[111]	638.043
[112]	504.033
[113]	295.987
[114]	136.056
[115]	103.458
[116]	83.8922
[117]	73.8263
[118]	61.1925
[119]	49.4092
[120]	57.3518
[121]	134.56
[122]	75.1794
[123]	102.963
[124]	123.427
[125]	124.358
[126]	120.187
[127]	98.5421
[128]	96.9835
[129]	246.026
[130]	449.059
[131]	573.435
[132]	590.109
[133]	604.38
[134]	565.316
[135]	722.256
[136]	753.222
[137]	742.732
[138]	644.208
[139]	650.74
[140]	735.592
[141]	804.459
[142]	694.967
[143]	501.572
[144]	405.893
[145]	356.637
[146]	320.283
[147]	231.072
[148]	164.797
[149]	138.93
[150]	134.598
[151]	129.434
[152]	134.922
[153]	133.765
[154]	122.293
[155]	109.139
[156]	60.7257
[157]	57.0597
[158]	319.728
[159]	432.563
[160]	368.922
[161]	403.284
[162]	262.568
[163]	178.466
[164]	159.105
[165]	145.073
[166]	128.335
[167]	109.891
[168]	94.1655
[169]	80.3133
[170]	59.426
[171]	46.5885
[172]	34.8007
[173]	29.6503
[174]	25.8478
[175]	82.7692
[176]	299.93
[177]	181.137
[178]	148.307
[179]	141.677
[180]	266.09
[181]	115.793
[182]	248.928
[183]	541.463
[184]	621.463
[185]	619.238
[186]	588.833
[187]	554.497
[188]	514.521
[189]	448.474
[190]	377.474
[191]	322.54
[192]	259.535
[193]	182.732
[194]	76.3213
[195]	61.2355
[196]	68.7649
[197]	61.3238
[198]	65.4931
[199]	57.8418
[200]	64.2799
[201]	91.7429
[202]	121.065
[203]	98.5222
[204]	98.6143
[205]	95.3184
[206]	97.6604
[207]	105.971
[208]	80.7454
[209]	68.1821
[210]	55.8254
[211]	60.0502
[212]	65.8011
[213]	84.335
[214]	88.9786
[215]	97.3347
[216]	93.914
[217]	86.1349
[218]	102.023
[219]	99.3178
[220]	106.578
[221]	95.3858
[222]	80.2532
[223]	78.1133
[224]	73.6274
[225]	64.5553
[226]	41.2729
[227]	31.2108
[228]	27.7309
[229]	27.6885
[230]	24.1375
[231]	22.5102
[232]	23.7616
[233]	24.7672
[234]	22.4253
[235]	23.4205
[236]	23.7538
[237]	22.0022
[238]	19.8786
[239]	21.3578
[0]	15.9682
[1]	16.4938
[2]	17.2477
[3]	20.2897
[4]	18.0069
[5]	18.1466
[6]	17.3405
[7]	16.8134
[8]	21.1183
[9]	24.5112
[10]	34.6215
[11]	45.0025
[12]	58.3492
[13]	80.1791
[14]	89.867
[15]	89.1866
[16]	79.6833
[17]	83.4424
[18]	208.659
[19]	372.292
[20]	341.226
[21]	395.65
[22]	357.115
[23]	238.075
[24]	151.517
[25]	153.884
[26]	136.687
[27]	145.907
[28]	140.449
[29]	157.885
[30]	142.195
[31]	140.798
[32]	126.728
[33]	147.562
[34]	134.349
[35]	80.0777
[36]	91.8511
[37]	551.306
[38]	655.799
[39]	842.642
[40]	1116.66
[41]	1534.35
[42]	1586.18
[43]	1748.7
[44]	1812.16
[45]	1644.72
[46]	1589
[47]	1549.53
[48]	1518.51
[49]	1544.95
[50]	1506.24
[51]	1330.32
[52]	1045.14
[53]	700.717
[54]	309.129
[55]	231.923
[56]	187.854
[57]	149.426
[58]	118.52
[59]	92.7604
[60]	78.1833
[61]	76.8222
[62]	55.0278
[63]	46.1028
[64]	34.9328
[65]	131.986
[66]	97.9105
[67]	101.325
[68]	117.897
[69]	130.388
[70]	128.358
[71]	107.555
[72]	95.757
[73]	66.9681
[74]	43.0437
[75]	40.3853
[76]	23.8077
[77]	22.0825
[78]	22.3153
[79]	21.3068
[80]	19.4568
[81]	18.424
[82]	18.2188
[83]	18.0982
[84]	20.097
[85]	24.2193
[86]	23.2185
[87]	53.9648
[88]	159.693
[89]	168.406
[90]	182.81
[91]	161.473
[92]	142.937
[93]	130.305
[94]	135.032
[95]	130.198
[96]	120.791
[97]	114.595
[98]	116.434
[99]	112.578
[100]	91.8985
[101]	85.9609
[102]	89.9379
[103]	103.242
[104]	106.013
[105]	111.665
[106]	143.478
[107]	324.297
[108]	555.615
[109]	632.491
[110]	725.727
[111]	764.78
[112]	829.12
[113]	835.266
[114]	813.497
[115]	780.205
[116]	736.037
[117]	650.628
[118]	507.934
[119]	375.893
[120]	220.741
[121]	169.894
[122]	134.198
[123]	94.4657
[124]	80.6234
[125]	64.6021
[126]	84.1873
[127]	102.754
[128]	89.7206
[129]	80.9105
[130]	74.6451
[131]	58.7274
[132]	63.9725
[133]	52.9707
[134]	53.8885
[135]	44.4537
[136]	29.212
[137]	17.717
[138]	17.9976
[139]	18.9035
[140]	17.9843
[141]	19.1408
[142]	18.4084
[143]	18.6065
[144]	16.3734
[145]	18.0981
[146]	31.596
[147]	61.5631
[148]	40.5248
[149]	45.1843
[150]	203.716
[151]	367.399
[152]	237.582
[153]	148.625
[154]	87.9132
[155]	63.2877
[156]	55.0938
[157]	49.4131
[158]	46.157
[159]	58.1749
[160]	76.0789
[161]	122.615
[162]	197.638
[163]	327.296
[164]	520.59
[165]	626.836
[166]	677.711
[167]	643.181
[168]	428.022
[169]	106.589
[170]	40.1873
[171]	39.0287
[172]	35.537
[173]	33.2036
[174]	38.7488
[175]	33.6385
[176]	30.3692
[177]	28.7541
[178]	30.0523
[179]	63.136
[180]	198.305
[181]	270.184
[182]	263.34
[183]	452.897
[184]	440.922
[185]	512.486
[186]	524.122
[187]	491.132
[188]	491.454
[189]	475.454
[190]	468.621
[191]	442.79
[192]	434.973
[193]	418.873
[194]	442.526
[195]	504.776
[196]	541.099
[197]	540.303
[198]	536.47
[199]	469.534
[200]	363.623
[201]	352.609
[202]	247.69
[203]	231.274
[204]	251.489
[205]	157.123
[206]	114.863
[207]	127.433
[208]	70.4271
[209]	45.3317
[210]	54.68
[211]	61.0381
[212]	66.6908
[213]	62.0238
[214]	53.0025
[215]	51.9858
[216]	54.4501
[217]	52.5584
[218]	49.5033
[219]	59.6776
[220]	58.7351
[221]	70.1801
[222]	53.0476
[223]	39.6602
[224]	31.6109
[225]	28.8546
[226]	24.9666
[227]	24.3663
[228]	20.6065
[229]	20.0167
[230]	19.4697
[231]	18.2092
[232]	19.8322
[233]	19.6473
[234]	17.9054
[0]	19.0111
[1]	29.4444
[2]	32.0293
[3]	43.1751
[4]	67.0995
[5]	88.6928
[6]	150.293
[7]	191.337
[8]	161.856
[9]	120.309
[10]	998.38
[11]	1081.2
[12]	1063.47
[13]	1086.66
[14]	1078.95
[15]	1052.32
[16]	928.852
[17]	887.66
[18]	913.712
[19]	1030.19
[20]	1210.89
[21]	1332.69
[22]	1308.12
[23]	1144.09
[24]	822.709
[25]	544.953
[26]	343.884
[27]	223.338
[28]	201.583
[29]	175.554
[30]	174.137
[31]	157.677
[32]	134.715
[33]	208.142
[34]	508.975
[35]	771.061
[36]	914.69
[37]	656.022
[38]	242.779
[39]	381.226
[40]	593.36
[41]	904.413
[42]	1042.59
[43]	1072.63
[44]	965.303
[45]	721.506
[46]	453.395
[47]	209.073
[48]	163.646
[49]	133.794
[50]	104.514
[51]	83.7323
[52]	67.1155
[53]	49.633
[54]	71.6295
[55]	143.716
[56]	71.7337
[57]	91.5944
[58]	97.4863
[59]	120.547
[60]	105.228
[61]	67.6482
[62]	48.5151
[63]	60.5273
[64]	214.319
[65]	626.242
[66]	640.6
[67]	1022.17
[68]	1029.85
[69]	1128.57
[70]	1165.59
[71]	1099.64
[72]	1017.47
[73]	844.427
[74]	353.817
[75]	71.3645
[76]	43.4148
[77]	32.8332
[78]	31.627
[79]	31.106
[80]	64.9468
[81]	98.1547
[82]	420.662
[83]	675.641
[84]	869.283
[85]	822.075
[86]	970.939
[87]	774.966
[88]	612.776
[89]	370.252
[90]	63.5742
[91]	41.4025
[92]	43.601
[93]	37.2867
[94]	103.488
[95]	93.6162
[96]	94.3787
[97]	123.245
[98]	132.628
[99]	167.578
[100]	162.239
[101]	237.808
[102]	316.679
[103]	397.585
[104]	453.476
[105]	444.915
[106]	322.026
[107]	186.711
[108]	283.456
[109]	430.181
[110]	520.345
[111]	597.002
[112]	630.861
[113]	539.256
[114]	522.132
[115]	487.451
[116]	315.96
[117]	171.888
[118]	153.091
[119]	116.496
[120]	103.673
[121]	74.4696
[122]	48.7367
[123]	34.1861
[124]	30.043
[125]	108.532
[126]	282.458
[127]	157.708
[128]	73.4752
[129]	83.01
[130]	449.26
[131]	441.684
[132]	468.064
[133]	357.256
[134]	223.63
[135]	58.6269
[136]	33.1339
[137]	26.7707
[138]	26.1242
[139]	24.8885
[140]	105.037
[141]	376.094
[142]	304.867
[143]	92.4811
[144]	631.73
[145]	613.011
[146]	565.942
[147]	535.902
[148]	444.634
[149]	385.126
[150]	396.178
[151]	362.093
[152]	319.05
[153]	275.095
[154]	284.028
[155]	245.581
[156]	183.277
[157]	88.6787
[158]	45.3188
[159]	68.1156
[160]	61.7688
[161]	69.1138
[162]	250.675
[163]	275.35
[164]	358.004
[165]	392.368
[166]	322.009
[167]	307.914
[168]	324.351
[169]	277.432
[170]	303.06
[171]	324.907
[172]	346.708
[173]	304.22
[174]	313.249
[175]	409.26
[176]	492.383
[177]	521.237
[178]	231.666
[179]	259.322
[180]	215.096
[181]	211.263
[182]	193.542
[183]	159.028
[184]	107.536
[185]	68.8094
[186]	84.1838
[187]	67.9295
[188]	47.6385
[189]	40.7111
[190]	40.2205
[191]	32.1539
[192]	28.6169
[193]	23.7312
[194]	21.2842
[195]	20.041
[196]	19.5804
[197]	20.1729
[198]	20.1152
[199]	20.9881
[0]	18.0516
[1]	17.8727
[2]	18.9593
[3]	21.4475
[4]	17.2969
[5]	27.5157
[6]	16.6064
[7]	19.1136
[8]	18.9921
[9]	18.4445
[10]	37.8206
[11]	19.772
[12]	15.756
[13]	19.219
[14]	17.8678
[15]	16.678
[16]	19.6819
[17]	41.2275
[18]	118.676
[19]	182.172
[20]	313.718
[21]	322.084
[22]	549.753
[23]	767.087
[24]	805.31
[25]	937.812
[26]	946.32
[27]	689.499
[28]	516.266
[29]	342.642
[30]	182.28
[31]	138.108
[32]	159.129
[33]	187.811
[34]	140.363
[35]	143.869
[36]	157.378
[37]	147.863
[38]	119.528
[39]	189.984
[40]	549.972
[41]	615.157
[42]	750.414
[43]	685.43
[44]	535.496
[45]	443.512
[46]	362.856
[47]	300.876
[48]	258.586
[49]	290.488
[50]	285.452
[51]	130.564
[52]	35.4059
[53]	31.6637
[54]	32.3631
[55]	72.0891
[56]	171.393
[57]	69.3171
[58]	110.834
[59]	191.09
[60]	243.355
[61]	256.859
[62]	268.892
[63]	267.997
[64]	276.138
[65]	253.169
[66]	282.711
[67]	334.664
[68]	607.37
[69]	584.34
[70]	573.764
[71]	620.3
[72]	626.157
[73]	490.471
[74]	521.387
[75]	488.689
[76]	384.718
[77]	253.038
[78]	196.768
[79]	158.41
[80]	157.959
[81]	126.18
[82]	144.236
[83]	169.51
[84]	126.545
[85]	140.066
[86]	111.018
[87]	148.303
[88]	172.185
[89]	218.056
[90]	242.958
[91]	235.939
[92]	191.798
[93]	170.687
[94]	146.441
[95]	146.68
[96]	108.167
[97]	31.9154
[98]	23.771
[99]	21.4002
[100]	22.2636
[101]	20.8435
[102]	22.5641
[103]	23.8048
[104]	125.576
[105]	158.235
[106]	145.638
[107]	471.331
[108]	577.859
[109]	582.15
[110]	585.829
[111]	563.921
[112]	517.133
[113]	369.874
[114]	169.358
[115]	80.3897
[116]	89.0244
[117]	41.0364
[118]	24.6131
[119]	47.2715
[120]	71.9092
[121]	50.878
[122]	62.9038
[123]	71.9061
[124]	126.509
[125]	295.88
[126]	319.502
[127]	379.394
[128]	438.868
[129]	444.645
[130]	479.973
[131]	522.551
[132]	485.463
[133]	442.675
[134]	204.184
[135]	42.5579
[136]	32.7119
[137]	33.039
[138]	25.9548
[139]	24.9919
[140]	24.3296
[141]	35.5354
[142]	47.7007
[143]	51.2474
[144]	63.0654
[145]	202.866
[146]	118.662
[147]	56.147
[148]	136.988
[149]	325.023
[150]	497.681
[151]	552.479
[152]	516.376
[153]	492.672
[154]	524.872
[155]	465.928
[156]	468.103
[157]	410.046
[158]	337.848
[159]	189.468
[160]	111.873
[161]	94.7775
[162]	97.3442
[163]	94.8027
[164]	98.5131
[165]	88.4999
[166]	119.429
[167]	164.298
[168]	172.508
[169]	159.5
[170]	138.222
[171]	122.6
[172]	101.528
[173]	103.626
[174]	100.61
[175]	91.1075
[176]	50.1956
[177]	48.1104
[178]	56.3992
[179]	67.8222
[180]	65.6718
[181]	68.1385
[182]	55.834
[183]	64.7374
[184]	72.4284
[185]	73.1988
[186]	70.187
[187]	73.4891
[188]	71.2751
[189]	69.4871
[190]	65.6281
[191]	88.7707
[192]	53.0853
[193]	45.5003
[194]	32.8993
[195]	34.4023
[196]	31.0748
[197]	28.1601
[198]	25.3584
[199]	22.2785
[200]	20.7707
[201]	21.1365
[202]	20.8808
[203]	18.3582
[204]	17.8877
[0]	523.866
[1]	561.325
[2]	362.862
[3]	188.425
[4]	156.577
[5]	134.693
[6]	125.616
[7]	96.4223
[8]	72.053
[9]	45.6677
[10]	37.0971
[11]	508.053
[12]	350.508
[13]	391.062
[14]	302.265
[15]	282.519
[16]	484.91
[17]	587.006
[18]	626.646
[19]	707.798
[20]	575.624
[21]	543.505
[22]	422.966
[23]	281.53
[24]	181.806
[25]	135.06
[26]	167.006
[27]	196.701
[28]	218.693
[29]	270.448
[30]	341.417
[31]	451.742
[32]	454.749
[33]	501.49
[34]	474.791
[35]	478.074
[36]	466.096
[37]	429.576
[38]	436.228
[39]	406.512
[40]	368.577
[41]	400.482
[42]	435.003
[43]	443.091
[44]	424.865
[45]	349.996
[46]	330.945
[47]	394.032
[48]	450.23
[49]	507.523
[50]	584.3
[51]	559.984
[52]	606.82
[53]	595.524
[54]	607.434
[55]	578.179
[56]	549.914
[57]	283.66
[58]	193.325
[59]	174.596
[60]	190.927
[61]	172.144
[62]	149.668
[63]	131.356
[64]	111.855
[65]	88.7008
[66]	65.5346
[67]	46.7828
[68]	90.4476
[69]	218.624
[70]	165.803
[71]	299.931
[72]	483.291
[73]	218.707
[74]	136.852
[75]	219.816
[76]	376.9
[77]	512.389
[78]	572.954
[79]	637.947
[80]	547.803
[81]	503.366
[82]	438.527
[83]	259.453
[84]	153.511
[85]	181.401
[86]	171.995
[87]	195.629
[88]	207.957
[89]	410.977
[90]	519.636
[91]	539.374
[92]	568.794
[93]	430.974
[94]	215.59
[95]	96.702
[96]	50.3377
[97]	36.8743
[98]	31.9578
[99]	30.0785
[100]	156.589
[101]	340.899
[102]	111.776
[103]	179.369
[104]	552.723
[105]	487.105
[106]	454.079
[107]	252.632
[108]	81.392
[109]	37.7807
[110]	34.8553
[111]	34.1773
[112]	32.8915
[113]	29.3575
[114]	30.0126
[115]	36.5751
[116]	37.2103
[117]	70.9057
[118]	155.169
[119]	116.583
[120]	194.018
[121]	115.8
[122]	102.963
[123]	95.6296
[124]	153.55
[125]	447.547
[126]	446.365
[127]	424.07
[128]	171.556
[129]	172.558
[130]	136.95
[131]	190.833
[132]	103.251
[133]	87.775
[134]	80.1758
[135]	87.6763
[136]	71.9142
[137]	58.5483
[138]	35.984
[139]	25.2591
[140]	24.5457
[141]	23.1087
[142]	21.8168
[143]	18.9268
[144]	20.1113
[145]	22.6401
[146]	19.3952
[147]	20.95
[148]	23.2794
[149]	222.729
[150]	110.279
[151]	87.0746
[152]	54.6016
[153]	43.8911
[154]	37.3974
[155]	32.2963
[156]	25.5723
[157]	23.5074
[158]	26.7621
[159]	20.7671
[160]	20.4512
[161]	21.7421
[162]	19.1881
[163]	19.3893
[164]	21.0211
[0]	13.9948
[1]	19.2475
[2]	16.3801
[3]	18.1059
[4]	19.2966
[5]	19.0333
[6]	19.1297
[7]	19.3609
[8]	31.9812
[9]	226.672
[10]	699.126
[11]	634.269
[12]	716.956
[13]	840.63
[14]	959.263
[15]	1076.57
[16]	1029.73
[17]	900.263
[18]	733.257
[19]	517.328
[20]	419.736
[21]	331.901
[22]	274.57
[23]	220.333
[24]	200.314
[25]	195.649
[26]	182.915
[27]	199.086
[28]	200.043
[29]	212.453
[30]	266.297
[31]	381.712
[32]	563.71
[33]	738.15
[34]	839.541
[35]	907.599
[36]	910.875
[37]	895.934
[38]	884.793
[39]	873.572
[40]	846.298
[41]	783.896
[42]	586.916
[43]	330.069
[44]	206.84
[45]	134.021
[46]	141.265
[47]	153.335
[48]	97.208
[49]	101.656
[50]	111.441
[51]	125.161
[52]	124.296
[53]	145.297
[54]	351.991
[55]	420.154
[56]	571.313
[57]	609.73
[58]	605.579
[59]	657.791
[60]	673.484
[61]	710.943
[62]	722.654
[63]	657.638
[64]	575.949
[65]	456.087
[66]	338.026
[67]	245.866
[68]	143.111
[69]	125.756
[70]	122.144
[71]	115.143
[72]	118.512
[73]	143.993
[74]	139.932
[75]	144.16
[76]	140.322
[77]	79.8128
[78]	49.0449
[79]	71.1994
[80]	148.988
[81]	131.611
[82]	126.965
[83]	134.144
[84]	134.309
[85]	116.066
[86]	103.153
[87]	76.3625
[88]	44.1457
[89]	29.6445
[90]	23.5047
[91]	37.5059
[92]	172.334
[93]	64.5975
[94]	238.295
[95]	423.431
[96]	449.338
[97]	404.86
[98]	267.557
[99]	153.546
[100]	118.806
[101]	114.595
[102]	105.277
[103]	100.935
[104]	107.57
[105]	87.2016
[106]	90.4978
[107]	68.173
[108]	56.8995
[109]	228.475
[110]	327.59
[111]	333.761
[112]	283.094
[113]	187.816
[114]	82.8734
[115]	36.0149
[116]	27.3705
[117]	25.3252
[118]	22.8518
[119]	19.4035
[120]	21.2413
[121]	35.0793
[122]	67.8119
[123]	27.9718
[124]	194.635
[125]	635.795
[126]	516.387
[127]	538.286
[128]	299.895
[129]	127.239
[130]	126.072
[131]	138.508
[132]	118.105
[133]	117.86
[134]	116.152
[135]	106.412
[136]	86.0279
[137]	104.345
[138]	99.081
[139]	72.9414
[140]	55.497
[141]	72.5651
[142]	57.196
[143]	54.9644
[144]	43.2395
[145]	34.3378
[146]	27.8199
[147]	33.0695
[148]	79.5716
[149]	112.522
[150]	141.337
[151]	171.859
[152]	207.97
[153]	266.097
[154]	255.437
[155]	204.641
[156]	136.836
[157]	90.531
[158]	84.744
[159]	108.569
[160]	136.716
[161]	150.807
[162]	161.472
[163]	190.424
[164]	209.607
[165]	144.189
[166]	147.986
[167]	127.447
[168]	71.4333
[169]	47.4401
[170]	79.2534
[171]	133.65
[172]	153.054
[173]	165.577
[174]	188.121
[175]	177.368
[176]	140.48
[177]	116.436
[178]	137.863
[179]	153.894
[180]	200.921
[181]	273.618
[182]	367.204
[183]	424.808
[184]	431.201
[185]	457.702
[186]	435.981
[187]	398.079
[188]	386.309
[189]	377.205
[190]	390.234
[191]	305.744
[192]	229.199
[193]	105.116
[194]	143.738
[195]	96.7629
[196]	90.0619
[197]	79.8938
[198]	71.8791
[199]	78.6831
[200]	76.0967
[201]	53.7366
[202]	45.0032
[203]	41.4296
[204]	36.5638
[0]	11.568
[1]	17.3814
[2]	18.3073
[3]	16.5926
[4]	34.3849
[5]	80.4728
[6]	150.712
[7]	168.487
[8]	213.081
[9]	247.202
[10]	282.17
[11]	170.88
[12]	178.854
[13]	216.448
[14]	379.746
[15]	346.159
[16]	523.753
[17]	639.344
[18]	757.633
[19]	782.184
[20]	771.279
[21]	708.43
[22]	508.203
[23]	329.373
[24]	236.443
[25]	140.749
[26]	61.4413
[27]	52.1583
[28]	42.9999
[29]	54.9629
[30]	197.71
[31]	379.203
[32]	462.949
[33]	508.35
[34]	601.775
[35]	706.574
[36]	808.867
[37]	713.383
[38]	456.156
[39]	214.373
[40]	184.655
[41]	166.519
[42]	179.336
[43]	187.463
[44]	188.648
[45]	181.927
[46]	181.257
[47]	189.261
[48]	121.421
[49]	79.9885
[50]	49.4711
[51]	41.2369
[52]	34.2932
[53]	34.6738
[54]	148.857
[55]	313.071
[56]	498.469
[57]	579.946
[58]	709.875
[59]	735.546
[60]	540.053
[61]	270.169
[62]	299.721
[63]	330.225
[64]	181.417
[65]	49.9597
[66]	38.9528
[67]	32.6921
[68]	30.6065
[69]	30.601
[70]	25.8608
[71]	30.9004
[72]	26.9525
[73]	34.2813
[74]	58.4073
[75]	90.8381
[76]	166.739
[77]	219.711
[78]	269.346
[79]	152.754
[80]	47.0816
[81]	30.9959
[82]	29.7903
[83]	193.938
[84]	227.569
[85]	191.99
[86]	82.3502
[87]	56.4119
[88]	476.922
[89]	569.945
[90]	741.391
[91]	615.115
[92]	588.916
[93]	441.473
[94]	303.627
[95]	181.531
[96]	145.284
[97]	128.351
[98]	97.8878
[99]	79.9077
[100]	47.6371
[101]	92.1133
[102]	115.88
[103]	88.9957
[104]	114.996
[105]	126.695
[106]	130.961
[107]	117.749
[108]	273.651
[109]	391.534
[110]	496.172
[111]	553.601
[112]	504.078
[113]	512.784
[114]	481.967
[115]	528.41
[116]	598.136
[117]	639.146
[118]	786.334
[119]	860.231
[120]	949.366
[121]	922.859
[122]	830.856
[123]	721.766
[124]	505.448
[125]	298.344
[126]	128.355
[127]	118.202
[128]	109.505
[129]	98.9176
[130]	68.5396
[131]	39.7776
[132]	29.1314
[133]	27.5192
[134]	26.9984
[135]	190.664
[136]	274.787
[137]	261.737
[138]	823.464
[139]	750.556
[140]	779.538
[141]	723.576
[142]	635.036
[143]	503.654
[144]	243.382
[145]	372.5
[146]	486.335
[147]	374.186
[148]	201.158
[149]	99.6507
[150]	91.6154
[151]	96.4258
[152]	130.447
[153]	206.061
[154]	325.563
[155]	404.799
[156]	465.858
[157]	572.625
[158]	614.164
[159]	586.38
[160]	519.233
[161]	306.533
[162]	163.475
[163]	138.086
[164]	130.561
[165]	133.65
[166]	135.653
[167]	215.793
[168]	233.271
[169]	264.098
[170]	310.745
[171]	347.97
[172]	450.697
[173]	546.772
[174]	666.542
[175]	733.408
[176]	809.893
[177]	797.529
[178]	845.474
[179]	922.991
[180]	812.755
[181]	555.83
[182]	533.319
[183]	539.182
[184]	758.294
[185]	609.158
[186]	818.916
[187]	1056.02
[188]	1032.22
[189]	826.181
[190]	647.986
[191]	467.533
[192]	330.945
[193]	235.935
[194]	188.86
[195]	172.354
[196]	148.822
[197]	148.574
[198]	129.091
[199]	116.993
[200]	114.182
[201]	111.156
[202]	97.4778
[203]	103.536
[204]	126.822
[205]	175.952
[206]	209.993
[207]	285.461
[208]	379.476
[209]	510.395
[210]	592.888
[211]	615.987
[212]	533.381
[213]	386.204
[214]	243.637
[215]	147.084
[216]	105.98
[217]	102.426
[218]	185.449
[219]	173.367
[220]	170.385
[221]	158.834
[222]	160.831
[223]	131.322
[224]	130.433
[225]	127.11
[226]	101.5
[227]	67.3786
[228]	50.9378
[229]	77.0065
[230]	141.198
[231]	104.832
[232]	94.1116
[233]	77.4933
[234]	83.3775
[235]	72.2746
[236]	99.3438
[237]	185.866
[238]	252.975
[239]	314.282
[240]	385.844
[241]	465.281
[242]	544.238
[243]	606.177
[244]	678.981
[245]	606.241
[246]	666.741
[247]	583.507
[248]	503.475
[249]	452.595
[250]	339.277
[251]	92.4221
[252]	38.1619
[253]	30.5073
[254]	27.9394
[255]	42.3854
[256]	196.385
[257]	116.692
[258]	63.0324
[259]	58.4508
[260]	54.2099
[261]	163.251
[262]	270.945
[263]	259.444
[264]	184.909
[265]	97.1307
[266]	161.541
[267]	50.8426
[268]	43.3853
[269]	37.7863
[270]	44.1325
[271]	48.9569
[272]	52.8634
[273]	58.0666
[274]	65.452
[275]	65.3007
[276]	72.3433
[277]	76.9186
[278]	77.7663
[279]	72.3633
[280]	64.3747
[281]	56.1417
[282]	50.1791
[283]	40.9206
[284]	37.6718
[285]	33.1026
[286]	34.1064
[287]	31.7471
[288]	24.2276
[289]	20.2887
[290]	21.0194
[291]	21.139
[292]	17.6628
[293]	22.047
[294]	17.3252
