2.52873	0.376295
3.07188	0.728354
2.92465	0.770079
3.16008	0.610831
2.9607	0.57592
2.87801	0.640689
2.77965	0.776326
2.98489	0.605625
2.88378	0.584097
2.91165	0.749976
2.77801	0.489245
3.00449	0.549669
2.82868	0.652415
2.7527	0.705988
2.87562	0.505194
3.38513	1.49632
4.74723	2.00968
4.96896	2.00841
5.31125	2.26402
5.34057	2.09316
5.53417	1.99804
5.60846	2.03865
5.60386	1.84934
5.25795	2.11795
5.15627	2.05727
5.26604	1.91703
5.20778	1.93592
5.30319	1.91741
5.41394	1.94255
5.34777	1.95389
5.23125	2.06558
5.43157	2.03166
5.51197	2.04684
5.43445	1.90702
5.27088	2.00103
5.42316	1.96423
6.18303	1.41741
6.72664	1.65086
6.71696	1.43632
6.88811	1.29748
7.00661	1.29766
6.94718	1.47506
6.8596	1.42696
6.80356	1.11872
6.62317	1.34315
6.72337	1.25261
6.52221	1.19305
5.29923	0.934039
5.80666	0.579174
6.24179	0.87895
6.6997	0.647462
6.91132	0.11381
6.99012	-0.0167076
6.98616	-0.0448924
6.73112	0.162563
6.78913	0.241968
6.50711	0.417636
5.99363	0.975156
4.34307	1.44982
4.41763	1.35203
4.76467	1.50324
4.82886	1.76629
4.96217	1.66568
4.87217	1.75102
5.06766	1.84815
5.25219	1.81302
5.19621	1.86737
5.27545	1.75279
5.94213	1.57855
6.1	1.66709
6.278	1.54562
6.3999	1.46098
6.46152	1.45805
6.47816	1.22881
6.34601	1.06949
5.91894	0.8851
5.27761	0.73453
4.93162	0.428546
4.5574	0.340184
4.83486	0.396011
4.96242	0.533961
5.41399	0.52997
5.45515	0.9105
5.66167	0.99806
5.84501	0.923687
5.95118	0.933322
6.04157	1.14213
6.09718	1.32725
5.82752	1.50048
4.98745	1.89123
4.54938	1.78149
4.30799	1.92056
4.29988	1.95741
4.10948	1.9507
4.5362	1.28392
4.31103	1.18371
4.2169	0.815571
4.85806	-0.433904
4.82317	0.146052
4.7738	-0.193789
4.6734	-0.279728
3.42789	0.665658
3.18406	0.53373
3.16282	0.723327
3.23281	0.730559
4.54097	1.98379
4.80796	2.19538
4.92578	1.93029
6.38966	0.4753
6.43559	1.1052
5.86082	1.70834
5.51188	1.94329
5.05199	1.95745
4.48858	1.99781
4.0891	1.74811
3.72798	1.37571
3.7537	1.25077
3.77627	0.666574
3.71003	0.0877274
3.79008	-0.0838509
3.80495	-0.310914
4.15375	-0.911345
4.36536	-0.829128
4.75968	-1.45862
4.80203	-0.957729
4.60845	-0.635879
4.24213	-0.743265
4.27466	-0.0927403
3.92229	-0.0741399
3.39796	0.47054
3.04542	0.61404
3.04722	0.306996
2.94421	0.701146
2.8251	0.641986
3.02329	0.699316
3.22619	0.666741
3.43958	0.582101
3.67362	1.19946
4.00843	1.14771
6.29977	1.25584
3.92974	1.43197
3.50541	1.45463
5.30314	0.165764
5.76891	0.539763
6.33557	1.18531
6.3567	1.11775
6.32356	1.19324
6.26088	1.22584
6.16266	1.3323
6.18233	1.23969
6.22342	1.10031
6.20836	1.14155
6.01431	1.45164
6.06409	1.5115
6.03414	1.75989
5.92056	1.9099
5.7754	2.07362
6.07993	1.96068
5.98716	2.11027
5.76319	2.22403
4.58621	1.82446
3.46421	1.84152
3.62006	1.57155
3.38299	1.66734
3.4636	1.62111
3.38677	1.58925
3.23425	1.4082
3.42217	1.11576
4.57269	0.21581
3.45602	0.974614
3.59473	1.10551
3.43091	1.27282
3.51854	1.09146
3.65712	1.11251
3.86428	1.59191
4.05886	1.85152
4.41623	1.80194
5.08129	1.79745
4.9505	2.00107
4.73894	1.55464
4.52525	2.05469
5.90985	2.28927
4.32438	1.43777
4.68411	1.4457
3.65529	1.50448
4.10785	2.22391
3.75205	1.85691
3.83593	1.99649
3.61946	1.81032
3.60947	1.58565
3.37023	1.5412
3.44143	1.27794
3.30244	1.33639
3.07998	1.1216
3.20024	1.04081
2.99998	0.834421
2.7879	0.630858
3.03869	0.374633
2.92131	0.515496
3.05085	0.822149
2.87331	0.67607
2.64768	0.458827
2.92172	0.633255
2.94413	0.622307
2.88712	0.447815
2.66785	0.825029
2.97509	-0.257507
3.17712	0.0134709
2.62715	0.763183
2.62938	0.557348
2.51747	0.849756
2.60976	0.674816
2.7345	0.800853
2.67128	0.685137
2.62225	0.39687
2.66498	0.17973
2.60469	0.516933
5.77226	0.351704
5.25486	0.2119
6.16817	1.46071
6.42226	1.27124
5.31149	1.20156
5.14975	0.670188
5.77698	1.13442
6.20452	1.48712
6.61079	1.39773
6.70706	1.43606
6.75629	1.31089
6.53411	1.45943
6.48898	1.33024
6.50527	1.33425
6.41721	1.3958
6.46305	1.27179
6.23604	1.17097
5.8333	1.12219
5.49718	1.12587
5.31389	1.1931
5.32473	1.18304
5.41113	1.16597
5.65773	0.919035
5.94151	0.481521
6.07337	0.438672
6.38606	0.405513
6.80136	0.470981
7.18395	0.524459
7.24328	0.689674
6.94062	0.916707
6.46975	1.16623
6.12279	1.38583
6.07491	1.46231
6.02675	1.43927
5.90646	1.51235
5.55375	2.03114
4.71523	2.14886
4.18098	1.66427
5.52884	1.31343
5.91538	1.76013
5.70361	2.06377
5.06581	1.59804
5.92548	1.74755
6.5251	1.83776
6.83873	1.52417
6.89209	1.36986
7.20671	1.22205
7.25433	1.0202
7.37742	1.05241
7.37612	0.906155
7.38756	0.927501
7.43818	1.02711
7.27433	1.05244
7.24805	1.18917
7.22619	1.36833
6.97539	1.52886
6.58501	1.43446
6.35556	1.46069
6.44314	1.40789
6.50862	1.34099
6.07951	1.58574
5.37216	1.63312
5.26891	1.59686
5.15885	1.65101
5.16981	1.74985
5.42186	1.6475
5.53313	1.69743
6.05881	1.75922
6.54962	1.22567
6.41864	1.2061
6.1272	1.35785
5.64233	1.62249
5.0851	1.59509
4.88083	1.98467
4.94476	1.92565
4.85614	1.93032
4.6248	1.83822
4.22699	1.87697
4.30188	1.78836
3.84998	1.87925
3.58576	1.31988
2.90228	1.07273
2.97793	1.09762
2.90981	0.946967
4.117	0.837463
6.48617	0.46739
4.51886	0.358875
5.65841	1.67981
6.58182	1.40776
5.49167	2.23874
6.21389	2.2211
4.4524	2.39901
3.72539	1.7116
3.46345	1.5712
3.2239	1.68857
3.20134	1.47828
5.37578	0.617258
4.70552	1.03273
4.14119	1.25249
5.66645	1.82633
6.37192	1.22206
6.38729	1.19686
6.13958	1.23917
5.5777	1.4517
4.56882	1.48285
3.33497	1.60044
3.0247	1.24122
3.10629	1.22049
4.80388	0.516356
4.88431	0.491145
3.91972	0.901848
3.60719	1.10199
5.27621	1.79228
5.83161	1.66499
5.80911	1.84899
5.26926	1.41319
4.75463	1.33383
4.80884	0.366414
4.91935	-0.497492
4.79867	-0.651689
4.75964	-0.934484
4.75908	-1.34407
4.81011	-1.23885
4.66046	-1.16659
4.54302	-0.941677
4.63766	-0.711271
4.37371	-0.411589
4.54614	1.22998
5.52586	1.04715
5.93159	0.99485
5.5385	1.27783
5.62973	1.02824
4.49578	1.25785
4.2933	0.575384
4.54189	-0.177396
4.3389	-0.420972
4.08986	-0.129145
3.40503	0.158489
3.49363	0.332168
3.16769	0.202842
3.017	0.160447
3.12719	0.114589
3.39181	1.02401
3.09113	0.541791
3.77979	0.775431
4.9975	1.89812
5.64587	2.29543
4.85789	2.53274
5.17003	2.32472
5.07668	1.75274
4.7285	1.84588
4.59594	1.89495
4.59282	1.69076
4.60017	1.41235
4.5885	1.10223
4.74473	0.961222
4.95566	0.899689
4.5728	1.75676
4.10156	1.92152
3.99897	2.18857
3.97	1.99448
4.00156	1.83368
3.92989	1.86117
3.68305	1.79702
3.21127	1.66658
3.12107	1.458
3.05359	1.3332
2.86695	1.13961
5.12151	0.917154
4.42007	0.898486
4.20722	0.740371
3.60254	1.14152
3.57043	1.85243
5.05302	2.09588
5.21624	1.89831
5.23473	2.05622
4.60849	2.19457
4.03773	1.95182
4.50368	1.36809
4.95393	1.64218
4.61877	1.28879
3.50022	1.17531
2.89853	1.26292
2.97904	0.972143
2.8818	0.970928
2.81727	1.11526
3.70302	0.80574
4.86726	1.25348
3.62637	1.10069
4.7311	1.62476
5.63407	1.94948
5.76846	2.00491
5.97581	1.7767
6.06781	1.80791
6.22392	1.62917
6.19735	1.70938
6.18663	1.73223
5.9231	1.93215
5.54054	1.99043
4.51729	1.7021
4.31181	1.8756
4.18925	1.81902
3.94166	2.0051
3.67198	1.84674
3.63473	2.10639
3.70869	1.8437
3.29798	1.67641
3.45634	1.51875
3.03724	1.53965
3.11861	1.2771
2.89551	1.16174
2.88925	1.16388
2.79687	1.16687
2.42542	0.397222
2.90784	0.40223
2.88618	0.595121
2.8615	0.491862
2.79237	0.342591
2.92101	0.54289
2.85098	0.378342
2.86076	0.649012
3.11291	0.760279
2.9535	0.74132
2.94642	0.579532
5.09579	0.434514
6.71476	0.767055
6.68229	1.06603
6.36694	1.05592
5.97113	1.15021
5.56289	0.973872
5.24967	0.528256
5.35295	0.23827
5.42305	0.213639
5.06142	-0.277006
5.33473	-0.295586
5.32612	-0.343157
5.34326	-0.357278
5.36621	-0.272707
5.44542	-0.200569
5.73765	0.0289367
5.47405	0.0395652
5.46424	0.144131
5.53045	0.0418189
5.3375	0.334123
5.02064	1.02263
6.23263	2.04796
6.59034	1.84952
6.62329	1.89413
6.52559	1.90174
5.99238	1.98362
5.41207	2.02518
5.36578	0.720234
5.10763	0.00546998
5.08359	-0.193328
4.67087	-0.436106
4.80202	-0.597212
4.79014	-0.523618
4.4635	-0.241286
5.24583	0.927354
5.97191	1.16288
6.20366	1.33043
6.31729	1.02708
5.26774	1.41828
5.60507	1.70976
5.94623	1.65065
5.76899	1.80051
5.54503	1.76021
5.20915	1.80746
5.04948	1.78876
4.99007	1.87028
6.13451	1.74413
6.6796	1.92675
6.80175	1.8774
6.65778	1.77471
6.2169	1.87508
5.62828	1.86614
4.71531	1.87067
3.70468	1.80043
3.43378	1.32431
3.3421	1.0935
3.34724	1.25553
3.90556	1.48969
3.40721	1.7026
4.81009	2.18943
5.16833	2.35532
5.17855	2.20458
5.18124	2.06672
5.15574	2.06555
5.00022	2.05591
4.61459	2.26904
4.29896	1.88771
4.20758	1.73804
4.51577	0.773256
4.9842	0.386464
4.95443	0.131423
5.05588	-0.0134327
4.66902	-0.117518
4.82622	-0.0042857
5.32197	-0.2
5.09501	0.42413
4.77805	0.418408
5.23869	0.881312
6.0508	1.01465
6.29791	1.05698
6.36242	1.04521
6.21805	1.00756
5.82073	1.21126
5.29015	1.52146
4.80144	1.67721
4.39671	1.82953
4.25333	2.01594
4.46488	1.92805
4.32516	2.21876
4.71201	2.02678
4.91416	1.90742
5.16624	1.86473
5.28816	1.89123
5.49911	1.8469
5.67383	1.78766
4.5022	1.63096
3.71992	1.01117
4.95218	0.307032
4.22636	0.893288
3.79455	1.41674
6.07485	1.7733
6.24142	1.86958
6.62516	1.48845
6.43009	1.7358
6.51475	1.52128
6.44624	1.46247
6.39605	1.28243
6.22172	1.13948
6.06686	0.846994
5.86526	0.475751
5.76296	0.239171
5.5324	0.13464
5.17495	0.27333
4.82804	0.661681
4.56519	0.931423
4.54074	1.02984
4.35368	1.03702
4.39518	1.14409
4.27581	1.29381
4.35462	1.22731
4.25392	1.15395
4.28304	1.18776
4.26338	1.08799
4.37097	0.626592
4.58838	0.00826015
4.83935	-0.498577
4.7738	-0.783906
4.84683	-0.695029
4.8903	-0.888149
5.13691	-0.832689
5.13578	-1.05397
4.81667	-0.98703
4.70493	-0.811782
4.4919	-0.285241
3.93046	0.248145
3.83281	0.958407
4.0115	1.47545
5.49609	1.85347
5.4851	1.82929
5.88222	1.63295
5.48239	1.73672
6.37138	1.76922
4.85004	2.14461
6.24614	2.09234
4.69752	2.23412
5.43473	2.28512
5.05825	2.58332
4.76564	2.19818
4.43311	2.1629
3.99364	2.06638
3.61476	2.10283
3.48645	1.56912
3.22998	1.18433
3.22069	1.26749
3.05755	1.13613
3.13189	1.24585
3.03928	0.967748
2.84211	0.746413
2.73537	0.823114
2.94625	0.725832
2.97149	0.605116
2.96354	0.404093
2.78065	0.747732
2.83636	0.534832
3.21262	0.74146
2.84234	0.849981
2.88331	0.627057
2.99935	0.358005
2.85341	0.777147
2.95701	0.660621
3.01383	0.570585
2.80557	0.746539
2.87596	1.07487
3.02747	1.12218
3.42169	1.72178
3.53313	1.48483
3.5639	1.60263
3.71024	1.81171
3.52257	1.78394
3.38124	1.53207
5.01013	0.892561
4.69698	0.996861
4.772	0.743543
5.02127	0.960315
4.99897	1.0291
4.86351	0.850291
4.6534	0.826765
4.66208	0.510307
4.86153	0.367777
4.69586	0.0418536
4.86323	-0.12498
4.86318	-0.240806
4.8792	-0.558765
5.02436	-0.357874
4.80339	-0.59115
4.87666	-0.506
4.86306	-0.440266
4.64339	-0.226405
4.52241	0.521064
5.63082	1.20913
6.15725	1.6251
6.20981	1.54781
6.261	1.71027
6.53954	1.63624
6.66994	1.49267
6.43332	1.54597
6.18179	1.50741
5.81141	1.6818
5.19569	2.06103
5.22097	1.96639
4.94212	2.02387
4.85171	2.142
5.02491	2.12908
5.06699	1.9166
4.66749	2.09956
4.7781	2.00734
4.59664	2.12465
4.61675	2.11686
4.88505	1.08839
5.32852	0.0872022
3.51748	1.20121
5.48679	0.0268516
4.45452	-0.193421
5.04066	0.233259
5.52598	0.565929
4.18962	0.634443
4.33179	0.256197
4.60741	-0.145608
5.96745	0.275319
5.79826	1.22382
7.13799	1.27515
7.03061	1.39289
6.92779	1.61032
6.96856	1.79672
6.96852	1.95113
6.79745	2.05357
6.29678	2.21574
5.66504	1.93443
5.04558	0.95962
5.27187	0.349982
5.47542	-0.127057
5.59649	-0.442931
5.36897	-0.153765
5.23417	-0.308847
5.09451	-0.348962
5.09603	-0.337783
5.17591	1.22731
6.79764	0.619296
6.99751	0.1548
6.75932	0.0786184
6.19356	0.266077
4.84949	0.685925
3.8822	1.3533
3.61669	1.21136
3.32194	0.885482
3.5667	0.554558
4.29447	0.393087
5.24035	0.670922
4.33246	0.687865
6.25753	1.426
6.73019	1.75353
6.58013	1.92757
6.30386	2.02596
5.94903	1.95753
5.08571	2.13544
5.10663	2.01615
5.26046	1.83341
5.2967	1.94164
4.96656	2.13947
5.03447	1.9016
4.8822	1.83582
4.78214	1.83793
4.9206	1.91409
5.08003	1.97764
4.89831	2.22687
5.21484	1.81889
5.1048	1.94147
5.05877	1.80317
4.88471	1.9
4.47886	1.99796
4.12102	1.60487
3.972	1.70179
3.81304	1.61506
3.69149	1.59088
3.69332	1.70574
3.42058	1.68802
3.18	1.49678
3.21562	1.58715
3.22302	1.04148
3.32925	1.36626
3.19723	1.05046
5.35019	-0.405501
4.26518	-0.320233
5.52103	0.0612744
5.08008	-0.0248791
4.39979	0.356047
4.36707	0.88642
6.19279	0.592558
6.15175	1.13772
6.08216	1.6506
6.30331	1.40679
6.34617	1.2669
6.09952	1.02933
4.84239	0.90549
3.43535	1.16341
3.41394	0.971634
3.15373	0.8657
3.18038	0.74439
3.17909	1.01409
3.07835	0.829029
3.08975	0.982013
2.9674	0.878623
4.35487	0.354215
4.1755	0.574126
4.90782	0.742585
5.42608	1.53632
6.2797	1.61274
6.27438	1.83479
6.31867	1.90674
6.23271	2.1174
5.67975	2.23629
5.25359	1.82088
4.6384	1.16455
4.946	0.170108
4.48352	-0.124473
4.37515	-0.0338117
4.2488	-0.145116
4.15933	0.0168907
4.18074	0.134089
3.99427	0.432155
3.98203	0.0548754
4.07074	-0.107445
3.97244	-0.259712
4.48286	-0.548053
4.84728	-0.457786
4.97705	-0.460126
4.49319	0.251319
4.96376	1.7552
4.1793	1.59423
4.53601	1.01145
4.26669	1.18378
5.13743	2.08542
5.17731	2.45619
4.91177	2.37054
4.68998	2.29547
4.70212	1.9639
4.42886	1.98395
4.18469	2.05834
4.17755	2.09433
4.19773	2.11683
4.46701	2.02337
4.91233	1.93437
5.20634	2.02638
5.46134	2.05328
5.8003	1.8256
5.90813	1.93349
5.93411	1.99641
5.32909	2.03442
5.61314	2.12092
5.38829	2.11627
5.39746	2.11475
5.33654	2.13751
5.25077	2.20217
5.12277	2.16068
5.01856	2.07599
4.79709	1.92423
3.99411	1.66199
3.23058	1.38796
2.91411	1.11318
3.03641	0.850475
3.16874	0.960418
3.1181	0.985189
3.17224	0.813535
2.90686	1.04682
2.95446	0.653253
4.52806	0.318838
3.39052	0.409093
3.44847	-0.0053313
3.98949	-0.37252
4.47432	-0.570805
4.50558	-0.0506397
4.39233	-0.361467
4.60727	-0.31669
4.404	-0.24179
4.42619	-0.667964
4.41112	-0.655419
4.40363	-0.19853
4.5157	-0.0717893
4.12919	-0.372279
3.98525	-0.203752
3.71683	-0.263848
3.46547	0.0974451
3.07426	0.561651
2.89641	0.618549
3.12372	0.320447
2.9391	0.655507
2.86022	0.630345
2.77353	0.648145
2.92863	0.330091
2.79972	0.580635
2.87491	0.713807
2.75582	0.393475
2.84315	0.774776
2.85305	0.588826
3.10646	0.668273
3.08889	0.615117
3.23397	0.459015
3.09556	0.597531
2.87629	0.516701
2.99553	0.616439
2.93153	0.600169
3.21937	0.616184
3.05588	0.714361
3.0575	0.472149
3.16168	0.699664
3.24125	0.953569
3.66948	1.57372
3.74674	1.65607
3.87956	1.61213
4.18091	0.992172
6.10183	0.777767
6.03643	1.6314
6.2592	1.50965
6.27458	1.56417
6.41083	1.4828
6.45902	1.48269
6.12226	1.34207
5.69989	1.4312
5.58603	1.21156
5.59107	0.983948
5.39596	0.636311
5.50104	0.483884
5.40781	0.0930215
5.48367	0.0998618
5.30797	0.0341908
5.19151	0.0981097
5.36496	-0.0296569
5.10334	0.384378
4.94528	1.07361
5.51384	1.63474
5.83474	1.87596
6.06989	1.85308
6.19302	1.82633
6.27071	1.87647
6.43624	1.98042
6.38855	2.16971
6.4455	1.93317
5.92864	2.30481
5.47482	2.10544
5.00214	2.11305
4.79727	1.99928
5.18357	1.75678
4.65219	2.04272
4.44505	1.98968
4.3778	1.95438
4.39115	1.65805
4.59407	0.747066
4.99026	0.0954161
5.21757	-0.186814
5.34854	0.142814
5.43386	0.810061
5.4276	1.20244
5.78412	1.40145
5.86563	1.37388
5.71138	1.57461
5.64635	1.60139
5.75912	1.54482
5.61003	1.72111
5.46098	1.53133
5.03737	1.32049
4.99147	0.800871
5.18975	-0.0533129
5.37293	-0.228109
5.39104	-0.43346
5.05459	-0.651357
4.95831	-1.02715
5.12123	-0.732819
4.96886	-0.381439
4.47693	-0.310045
4.61413	-0.137784
3.91113	0.189655
3.42204	0.445772
3.6062	0.508316
3.69966	0.361837
3.75749	1.19672
6.99962	0.960219
6.16987	1.94926
5.54217	1.30778
5.86919	1.09157
6.33867	1.14385
6.43515	1.51512
6.75888	1.32351
6.89721	1.13514
6.82988	1.0514
6.5378	1.01997
6.08672	1.07752
5.71006	1.16932
5.45909	1.2634
5.4007	0.957536
4.99592	0.958224
4.93836	0.702
5.15752	0.690122
5.09759	0.503275
4.95224	0.952664
4.89997	1.20076
4.89552	0.908033
4.80753	1.38859
4.68437	1.58236
4.74135	2.10607
5.19426	1.96851
5.61528	1.97356
5.66751	2.05703
5.71415	2.1651
5.76084	2.37166
5.73609	2.50554
5.75641	2.23936
4.94687	2.89119
4.54805	2.42725
4.3241	2.21816
4.07193	2.21953
4.01264	2.07893
3.85787	1.99331
3.82437	1.99054
3.93657	1.98454
4.16527	2.15279
4.62761	2.19172
5.62662	2.15563
5.91483	2.16414
6.06913	2.02799
5.9073	2.20617
6.02132	1.91682
6.04559	1.58291
5.40638	1.99173
4.43871	2.0135
4.29025	1.98362
4.15096	2.01623
4.31719	1.85898
4.3703	1.67912
4.42376	1.80103
4.72384	1.7645
5.2331	1.63177
5.40873	1.70946
5.70796	1.73638
5.75995	1.888
5.71117	1.57625
5.21379	2.05498
5.13704	1.86413
4.93119	2.11447
4.5998	2.25997
4.32375	2.11317
4.24455	1.82211
3.96028	1.61474
3.93185	1.58476
3.63181	1.37948
3.57721	1.29269
3.92705	0.409716
3.42711	0.809695
3.28941	0.910856
3.3347	0.869195
3.15011	0.798132
3.20983	0.753242
3.05566	0.820774
3.15817	0.496949
3.09244	0.560273
3.0281	0.530197
2.98228	0.694312
3.20729	0.811331
2.97518	0.881619
2.9912	0.580213
2.53251	0.564321
2.93284	0.644622
2.8081	0.418778
2.90091	0.866848
2.80972	0.633734
2.70862	0.612408
2.79053	0.516179
2.79523	0.468605
2.84646	0.607726
2.81059	0.61539
2.69898	0.453911
2.77763	0.533845
2.64742	0.836609
4.1783	-0.0596616
5.85231	-0.0495425
4.89984	0.192402
4.22596	0.793585
4.31555	1.94157
4.52716	2.01876
5.00248	1.72958
5.01455	2.07561
5.35853	2.0144
5.58368	2.00568
5.54537	1.85477
5.34522	1.93678
5.48653	1.87151
5.59189	1.75597
5.04661	1.9582
5.04117	1.63827
4.80392	1.73225
4.90834	1.7709
5.01145	1.7265
4.86056	1.7623
4.62361	1.77703
4.47525	1.78837
4.83815	1.51467
6.15924	1.51426
6.46832	1.34859
6.57586	1.04905
5.14248	0.753567
5.92957	1.19393
6.62386	1.48338
7.16914	1.34737
7.38341	1.27591
7.09123	1.45254
7.18138	1.48164
7.15341	1.58466
7.07926	1.42429
7.11935	1.4693
7.12091	1.39721
6.50776	1.5511
5.01325	1.77369
3.93394	1.94771
3.77497	1.68135
3.56835	1.72891
3.53005	1.33436
3.26072	1.08259
3.34733	1.13344
3.19821	0.918209
3.08108	0.928497
3.28201	0.917416
4.27665	0.57739
4.4857	0.769973
5.76422	1.69069
6.08952	1.9926
5.72399	1.74686
5.11257	1.35696
5.82179	1.87476
6.18412	1.59938
6.60644	1.71212
6.36647	1.80986
6.52743	1.76573
6.2995	1.84881
6.21415	1.63594
6.34587	2.3431
5.05488	2.12572
5.89973	2.08958
5.97726	2.08943
5.32846	2.1428
5.36072	1.8396
4.08611	1.9175
3.48213	1.55826
3.27515	1.19905
3.11581	1.31888
3.29387	1.28539
3.03821	0.761298
3.09096	1.08065
4.90952	0.422992
4.26989	0.402772
5.07407	0.308587
3.90901	-0.134848
4.21164	0.0123547
4.09996	0.213495
4.97286	0.623395
5.56953	0.480138
5.42137	0.865006
5.55974	0.963351
5.60876	1.12295
5.65357	1.17957
5.7329	0.90166
5.60616	0.800305
5.34319	0.881498
5.19261	0.893085
5.09641	1.13001
5.44594	1.42124
5.49699	1.82213
5.6517	1.77768
5.55278	1.90416
5.69406	1.71032
5.25445	1.90977
4.53697	1.77456
4.38086	1.68586
4.22799	0.938452
4.39398	0.366736
4.27491	-0.0226759
4.21489	-0.242911
4.19074	-0.28137
4.33648	-0.518839
4.09807	-0.444675
4.11387	-0.449586
4.37322	-0.31377
4.16602	0.0199588
3.75751	0.765334
3.75414	1.09532
5.51108	1.56783
6.13915	1.469
6.27309	1.28266
6.01239	1.45209
6.01335	1.55342
5.63403	1.73117
5.60743	1.50875
5.3884	0.727488
5.06233	0.491282
5.01349	0.861579
4.68994	1.66607
4.12283	1.70892
3.3355	1.2356
3.16851	1.13786
2.97131	1.04935
2.91199	0.676184
2.81067	1.07869
2.67882	0.716205
2.94066	0.734744
4.22529	0.633584
3.96441	0.774047
5.17334	0.701766
4.43308	0.971219
3.83291	1.47017
5.14742	1.59201
5.83071	1.6374
5.88638	1.83486
5.93458	1.9887
5.97016	1.87533
5.90411	1.9632
5.86828	1.87523
5.79406	1.98034
5.82003	1.97892
5.7435	2.1258
5.55176	1.93008
4.68237	1.39781
4.08731	0.887783
4.3362	0.404404
4.42039	0.670205
4.80255	1.15234
4.81663	1.13556
5.194	0.718049
5.40585	0.455394
4.64927	0.817388
4.94114	0.526112
4.53821	0.449763
4.35812	0.633744
4.25866	0.916113
4.18918	0.769226
3.92428	0.907943
3.2327	1.17244
2.99176	0.740063
2.83247	0.651521
2.87352	0.696498
2.76777	0.659711
2.82457	0.673104
2.98254	0.556555
2.79786	0.410009
2.84447	0.515832
2.64346	0.612788
2.87699	0.718663
2.67997	0.471376
2.69045	0.728902
3.99727	0.696505
3.71955	0.763794
4.85231	0.721573
3.95621	0.476225
3.40697	0.328403
3.27422	0.737046
3.09862	0.947764
2.95311	0.663659
2.90024	0.314234
2.91015	0.626759
2.95395	0.640516
2.76614	0.749722
2.75515	0.536378
2.89568	0.592245
2.69776	0.343881
2.77164	0.39997
2.72302	0.56829
2.66097	0.496912
2.71675	0.785276
2.881	0.398031
2.78923	0.614553
2.75737	0.53082
2.78667	0.466723
2.67762	0.717583
2.78452	0.479864
2.75349	0.56867
3.00238	0.947779
3.29545	1.23918
3.46279	1.54465
3.80357	1.56262
3.95409	0.994379
4.3202	1.20377
6.21273	1.69144
7.06857	1.50768
7.04334	1.26016
6.69219	1.28816
5.76163	1.5547
4.33007	1.60905
3.83612	1.4019
3.52547	1.246
3.47553	1.1314
3.29233	1.16975
3.18459	0.995044
4.73638	0.406606
5.48134	0.53459
4.13756	1.09203
5.91227	1.12114
6.28582	0.913134
6.42731	1.01445
6.45272	1.07952
6.08136	1.16931
4.97722	1.44537
3.96387	1.49048
3.62809	1.447
3.46322	1.29159
3.35718	1.11945
4.05224	0.456219
4.59021	0.578409
4.88305	0.884244
4.7079	1.25805
6.02463	1.56475
6.10402	1.3576
6.05765	1.42736
6.14369	1.37676
5.96454	1.30043
5.49744	1.35151
5.25384	1.41557
4.92713	1.14186
5.02018	0.571866
4.73546	0.272754
4.515	0.0999283
3.86851	0.468069
4.29012	1.39228
5.04175	-0.177391
4.32013	0.335852
4.5847	0.811477
4.16807	1.46426
4.44154	1.55652
4.45446	1.54349
4.55632	1.59172
5.15901	0.946807
4.76229	1.45453
4.70065	1.63033
4.6403	1.79349
4.44328	1.94453
4.42492	1.79624
4.55691	1.75493
4.5358	1.86597
4.17076	2.02154
4.03899	1.95274
3.87551	1.94648
3.98068	1.41553
3.99214	1.22617
3.74753	0.573862
3.6832	0.248679
4.24171	-0.180757
4.05055	-0.382314
4.44807	-0.589537
4.40496	-0.846491
4.54451	-0.24922
4.57444	-0.251695
4.28704	-0.283137
4.05174	0.0558119
4.83602	0.907782
5.69629	0.772916
5.51298	0.792893
5.53032	0.73561
5.80242	0.677384
5.96268	0.716997
6.03003	0.596403
5.98311	0.688071
5.69841	0.84168
5.665	0.814663
5.82431	0.910012
6.07439	0.96656
6.33685	1.05046
6.60963	0.976828
6.75626	0.839974
6.73121	0.864743
6.62554	0.913583
6.47192	0.993027
6.32351	1.09252
6.1989	1.23196
5.80032	1.45038
5.03811	1.70668
4.94761	2.0574
5.00377	1.94547
4.98984	1.67642
4.83473	1.87589
4.98288	1.80535
5.01135	1.89035
5.05735	1.89695
4.8558	2.12559
4.86431	1.89278
4.88664	2.06736
4.95276	2.20228
5.95471	1.62749
6.09512	1.51309
5.8129	1.60393
5.70738	1.62462
5.49367	1.80346
5.19392	1.81236
4.85798	1.67157
4.4155	1.36366
4.47909	0.92362
4.37012	0.395734
4.31462	0.29839
4.35802	-0.233613
4.38221	0.242959
4.55841	0.512229
4.74165	1.13237
5.17146	1.33488
5.43444	1.35437
5.81703	1.24004
5.91947	1.40676
6.06283	1.32224
5.63953	1.35609
4.43819	0.77833
4.95596	-0.0016591
5.35242	0.999367
5.90026	1.44569
6.19126	1.56352
6.22918	1.52341
6.0888	1.62809
5.92467	1.56914
5.68412	1.77539
5.84684	1.7514
5.91722	1.80548
5.86374	1.86756
5.65592	1.83751
5.4346	1.82815
5.41987	1.79219
5.57457	1.85251
5.82785	1.74718
5.86107	1.75977
6.04483	1.65729
6.41794	1.51593
6.57303	1.55044
6.59602	1.66431
6.4671	1.76017
6.22584	1.72324
5.74976	2.01878
5.48302	2.03771
5.24078	1.97805
4.87478	1.87261
4.89711	0.907369
5.04358	0.286298
4.53839	-0.200055
4.30071	-0.169566
4.83507	-0.559011
4.55299	-0.514576
4.57584	-0.360063
4.38921	-0.389036
4.01896	0.0618611
3.50518	0.78582
3.88897	1.39678
4.47418	2.08897
5.05443	1.92297
4.85952	2.05239
4.90324	1.80913
4.73227	1.85827
4.66744	1.62075
4.38481	1.72854
4.19216	1.5878
3.91352	1.4268
3.36048	1.51114
3.17892	1.27511
3.05832	1.18939
3.02597	1.25775
3.07266	0.71973
2.93117	0.817976
3.40379	1.07601
5.57819	0.425045
4.80653	0.367994
4.72728	0.632646
5.75943	0.94603
5.76853	0.955892
5.43699	1.4435
4.58411	1.77644
4.54753	1.84211
4.32102	1.95979
4.16318	2.1027
4.24211	1.94696
4.17186	2.03946
3.93341	1.9697
3.71728	1.77271
4.05587	1.17211
4.71534	-0.30919
4.28472	-0.196243
4.17005	-0.195464
4.04356	-0.307029
3.73184	-0.192462
3.64257	-0.170519
3.5368	-0.13971
3.38735	0.169788
3.30153	0.361487
3.12653	0.426367
3.38718	0.462219
4.24747	0.590091
4.94312	0.629973
5.30927	1.82079
5.46588	0.452067
4.14247	-0.593336
4.87607	-0.809279
4.47269	-0.190865
5.58323	1.23781
5.79122	1.26258
5.72151	1.33321
5.28612	1.26507
4.86023	1.1921
4.46938	0.629924
4.78136	-0.11971
4.56195	-0.143184
4.66368	-0.453468
4.45604	-0.502297
4.41561	-0.419598
4.32107	-0.446584
4.11351	0.18012
4.05524	0.573937
3.91922	1.13578
3.9236	1.04787
3.9991	0.942874
3.73844	1.30367
5.21389	1.82531
5.88009	1.81923
4.95815	1.97031
5.76187	1.89872
4.70206	2.24448
5.15358	2.05773
3.77935	1.57556
3.64361	1.11343
4.19634	2.17656
4.89137	2.35527
3.81045	1.65005
3.65489	1.86344
3.95539	1.75588
3.91352	1.77872
3.77675	1.63948
3.71499	1.58763
3.55654	1.6438
3.46409	1.59804
3.61646	1.47348
3.3482	1.59058
3.21043	1.33988
3.28126	1.54587
3.23308	1.35479
2.8366	0.786136
2.86658	0.96036
4.57146	0.00698305
3.73288	-0.359396
3.86479	-0.930294
4.17775	-0.809605
4.41478	-0.781282
4.18657	-0.636729
4.35611	-0.620874
4.11098	-0.730185
3.99904	-0.558768
3.9975	-0.865165
3.68056	-0.690707
3.41455	-0.315528
3.32072	-0.0545197
3.04608	0.641347
2.84041	0.604906
2.71702	0.691434
2.86126	0.6665
2.92287	0.603719
2.84563	0.67473
2.8772	0.489914
2.79273	0.452615
2.73453	0.431111
2.74496	0.448291
2.90389	0.272441
2.60649	0.592123
2.74954	0.47743
2.8724	0.485905
2.97002	0.787779
2.96926	0.500079
2.86137	0.676728
3.0081	0.793862
2.89798	0.527275
2.77486	0.578489
2.72224	0.535669
2.89687	0.490965
2.972	0.587248
3.20526	0.766693
3.32686	1.21994
3.56735	1.19333
4.22211	0.390846
4.94031	-0.0174776
5.26848	-0.12822
5.27601	-0.0385605
5.4019	0.110011
5.9142	-0.0121919
6.14535	0.296096
6.8401	0.173303
6.94323	0.449739
6.9335	1.12354
7.01822	1.41527
6.98443	1.65183
6.68471	1.72305
6.09552	2.02448
5.41352	1.97801
5.31647	1.75975
5.25412	1.81935
5.24342	1.76672
5.31913	1.84958
5.46045	1.74791
5.81557	1.31635
5.63087	2.45338
6.17932	1.92896
6.2115	1.81999
6.06423	1.73223
6.13187	1.71686
6.04259	1.69358
5.47745	1.74674
4.23424	1.78688
3.67048	1.71752
3.68242	1.66051
3.47664	1.72541
3.48653	1.41744
3.24621	1.32077
5.09997	-0.313794
5.24283	0.105523
5.49971	0.707191
4.49194	0.493425
4.8584	1.43979
5.97086	1.27721
6.3405	0.998877
6.37544	0.998337
5.97635	1.04423
5.15117	1.15811
3.91422	1.45012
3.42893	1.6749
3.58462	1.27415
3.83091	1.22416
3.82939	0.447499
4.06043	0.361511
5.06423	0.428161
5.01694	1.07501
4.76147	0.572173
6.35166	1.59374
6.06844	1.93836
6.94635	1.4458
6.83058	1.4306
6.70698	1.41448
6.3634	1.44652
6.41056	1.56338
6.7586	1.4202
6.55824	1.68418
6.20014	1.93244
5.73498	1.91775
4.8969	2.15612
4.88182	1.983
4.92787	2.1221
5.05189	2.06632
4.99365	1.99867
4.93304	1.81186
4.93683	1.84927
4.97816	2.01392
5.27112	1.74393
5.27564	1.89274
5.28076	1.75479
5.14213	1.69121
5.0611	1.59414
4.99284	1.56285
5.09834	1.66147
5.78175	1.69287
5.92566	1.61136
5.77393	1.60633
5.81617	1.48112
6.0036	1.4655
6.14165	1.47467
6.20143	1.44398
6.03094	1.47896
5.72135	1.48749
5.18902	1.63191
4.60917	1.74825
4.03737	1.91795
3.95936	1.75177
3.60883	1.65519
3.43009	1.6723
3.33322	1.3333
3.48247	1.2129
3.43121	1.34487
3.8687	1.73648
4.32415	1.79168
5.03793	1.85759
5.57372	2.06909
6.09299	1.69492
5.97668	1.54041
5.97038	1.4895
6.39078	1.4407
6.60451	1.30868
6.64791	1.23509
6.58608	1.53007
6.44378	1.64607
6.42774	1.55638
5.90331	2.10162
5.36682	2.03095
6.22613	1.74699
5.59909	2.01592
5.72428	1.73096
6.53073	1.55027
5.85503	1.90848
6.85982	1.53652
5.59648	1.87857
6.64199	1.42804
5.73568	1.67632
6.20235	1.28603
5.5387	1.83591
5.76676	1.55387
5.87762	1.6904
6.12564	1.63263
6.24695	1.74404
6.34988	1.68151
6.25035	1.92375
5.96151	2.27565
5.6281	2.58938
5.31129	2.50502
4.88589	2.27807
4.75692	1.84942
4.46622	1.97711
4.22485	2.16158
4.11977	1.89633
3.9969	1.77578
3.63764	1.74569
3.68863	1.6087
3.63147	1.41051
3.52948	0.753243
4.0166	-0.354045
4.05066	-0.384554
4.59296	-0.546429
4.28236	-0.484162
4.51812	-0.459551
4.64922	-0.446825
4.44622	-0.437389
4.47775	-0.462625
4.13426	-0.24819
3.92476	0.181219
3.83323	0.438502
4.98383	1.09045
5.7567	1.21937
6.02073	0.77629
5.71683	1.02094
6.00752	1.16517
6.24413	1.3292
6.00758	1.43475
6.00496	1.74293
5.14499	1.69346
4.65589	1.4543
4.63179	0.804709
4.56226	0.523292
4.78486	-0.0666919
4.64498	-0.344358
4.85785	-0.594842
4.70835	-0.297746
4.83193	-0.297382
4.28354	0.417985
3.08756	1.01155
2.90583	0.701213
3.22087	0.71217
3.17685	0.798736
3.22649	0.372186
4.66589	0.894127
4.87963	0.151344
4.87316	0.743942
5.75909	1.60324
5.0299	1.91312
5.13323	2.05259
5.46608	1.81516
5.75515	1.94736
5.75748	1.99803
5.64799	2.13168
5.67061	1.96307
5.46645	2.0121
5.2392	1.84202
5.2222	1.80793
4.7974	1.81508
4.37832	1.79607
4.23853	1.22962
4.25916	0.406361
4.49554	0.191529
4.33035	0.0372955
4.42804	-0.167057
4.28847	-0.282086
4.44963	-0.318513
4.44588	-0.13872
4.13831	0.0912716
4.00703	0.147929
3.89527	0.447044
4.0851	0.931662
4.94077	1.0303
4.76254	0.938849
4.4977	1.19167
4.11304	1.18182
3.62349	1.12293
3.2341	1.21067
3.11558	0.902615
2.75909	0.984228
2.92933	0.715994
2.93563	0.660351
2.91235	0.723727
2.81142	0.68345
3.05154	0.636689
4.45598	1.37498
4.3683	1.4607
3.26144	0.618369
3.94674	1.54293
3.42214	1.04264
3.37683	1.42054
3.77219	1.72481
4.10202	2.21829
4.18837	2.28378
4.05613	2.20091
3.95112	1.97948
3.98589	1.9719
3.88653	2.06279
3.88879	1.78955
3.61216	1.88703
3.58914	1.61439
3.38836	1.6448
3.25357	1.162
3.20399	1.04158
2.82536	0.813686
4.91026	0.613842
5.12179	0.397809
4.49487	0.205808
4.21354	0.501117
3.9134	0.660402
3.72578	0.802198
3.71372	1.07759
4.11187	1.20687
4.82702	1.78096
4.64697	1.98957
5.12	1.93761
5.79156	1.9408
5.89199	1.70757
5.58177	1.83213
5.06954	2.02784
4.71594	2.03552
4.55366	2.02356
4.33244	2.04477
4.24667	1.85381
4.04877	2.04499
3.9418	1.87622
3.71369	1.97906
3.74128	1.98542
3.69637	1.64125
3.43218	1.81576
3.25928	1.43472
3.20825	1.18964
3.24331	1.19739
3.3102	1.28536
3.30777	1.26625
3.20937	1.36643
3.33125	1.0304
3.22174	1.21876
2.99571	0.698284
2.97927	0.922494
2.96184	0.838323
2.95527	0.682209
2.92562	0.468998
2.79558	0.701164
2.93931	0.581812
2.98093	0.567703
2.80457	0.647565
2.82936	0.747213
2.85142	0.417268
2.34575	0.49505
2.60808	0.617007
2.71016	0.430295
2.69658	0.588612
2.71594	0.832553
2.91984	0.579406
2.99074	1.12839
5.66394	1.38343
3.07473	1.16044
4.329	1.78686
4.24238	1.70262
6.12719	1.35484
6.33144	1.32592
6.94798	1.52212
6.73126	2.28358
6.80183	1.99838
6.88816	1.71523
6.58007	1.87397
6.31595	1.89547
6.17542	1.91199
6.16926	2.04111
6.34778	2.04465
6.47243	2.09687
6.7391	1.91619
6.97743	1.73782
7.15147	1.3904
7.16243	1.28699
6.98868	1.36122
6.83225	1.46392
6.7052	1.66862
6.59466	1.82047
6.18895	2.08104
5.14665	2.33585
4.65631	1.81299
4.53861	1.80792
4.32325	1.89886
4.11548	1.82185
3.82672	2.02699
4.81606	0.26095
4.14823	0.345514
4.60714	-0.198896
4.81235	-0.51404
4.88071	-0.396511
5.05018	-0.27184
5.04719	-0.0458732
4.76719	0.529369
5.12561	1.04147
5.26868	1.40615
5.27071	1.1379
5.35651	1.09694
5.31053	0.854586
5.09078	0.979497
5.1826	0.877033
5.08429	0.813518
5.09629	0.612569
4.94647	0.420622
4.73071	0.751141
4.90843	0.54126
4.69891	0.695709
4.28812	1.09667
4.11313	1.2521
3.97904	1.00632
4.2262	0.873863
4.22044	1.30205
4.58611	1.29138
4.97324	1.75028
5.65208	1.66121
6.10163	1.69266
6.36064	1.67198
6.49314	1.46428
6.51367	1.24768
6.33524	1.25114
6.21511	1.12719
6.19961	0.995021
6.18468	1.04677
6.14989	1.07815
6.15335	0.785303
6.04414	0.576097
6.07987	0.416123
6.35668	0.426515
6.55781	0.396861
6.49387	0.448882
6.42972	0.726376
6.31454	1.45372
6.6221	1.07023
6.00481	1.60506
6.09149	1.83014
6.21885	1.77443
5.6501	2.00547
5.55157	2.23362
5.71967	2.05169
5.26372	1.99206
5.17059	2.133
4.96573	2.48654
4.71813	2.09898
4.67579	1.91475
4.42508	1.88469
4.2374	1.84215
4.22664	2.00401
4.10013	1.72307
4.09753	1.71493
4.06474	1.75814
4.25538	1.00786
4.48974	0.514909
4.74494	-0.0913647
5.12645	-0.46957
5.11409	-0.782015
4.99046	-0.363706
4.79965	-0.713456
4.59615	-0.25831
4.3368	-0.212784
4.13209	0.327378
3.77285	1.09993
5.0402	1.75071
6.04111	1.72793
6.09625	1.93586
6.29119	1.88511
6.19709	1.95498
5.99727	2.02077
5.67988	2.06964
5.23165	2.07523
4.67213	2.17195
4.38847	2.09913
4.09578	2.10335
3.83769	2.1832
3.69112	1.9455
3.55056	1.32845
3.13318	1.61897
3.26261	1.17639
3.09314	1.00752
2.8022	0.881309
3.08498	0.821795
3.69892	1.35913
3.17888	1.19684
3.36948	1.15694
3.28609	1.59461
3.23391	1.327
3.58738	1.75667
5.06651	1.96284
5.3609	1.67634
5.37837	1.98147
5.48194	1.92021
5.47732	1.84435
5.5699	1.56871
5.30439	1.96534
5.34817	1.7336
5.42166	1.44886
5.47166	1.2579
5.81887	1.30389
5.70445	1.79351
5.95321	1.60212
5.96939	1.63014
6.19177	1.39319
6.30714	1.32819
5.60075	1.45441
5.16985	1.61967
5.45577	1.57493
5.1665	1.3571
4.79459	1.2972
4.21687	1.64344
4.00029	1.46711
3.74844	1.06312
3.57566	1.31707
3.49305	0.963204
3.39867	1.09992
3.07339	1.06465
3.04802	1.07569
2.86544	0.918848
2.98721	0.740032
2.8369	0.991309
2.7163	0.731334
2.67143	0.588939
2.84696	0.613138
2.77239	0.539044
2.70695	0.797353
2.26349	0.554141
2.76816	0.506671
2.61115	0.367441
2.68481	0.335929
2.62366	0.616669
2.99953	0.310622
2.58518	0.423017
2.58819	0.526246
2.57337	0.66671
2.64939	0.612619
2.70907	0.708901
2.5501	0.72176
2.79624	1.07601
3.34802	1.59773
4.32069	1.67936
4.23793	1.62869
5.0308	1.45828
5.11363	1.69623
5.15857	1.37598
5.40042	2.01947
5.99465	2.06943
6.44499	1.86702
6.51365	1.88849
6.48345	1.8033
6.1055	1.8597
5.71278	1.75899
5.186	1.61155
4.98549	1.28919
4.84066	1.35036
5.03379	1.26371
5.39347	1.21664
5.92904	1.08902
5.89624	0.983176
5.74603	1.03693
5.70131	1.23387
5.66174	1.44661
5.22614	1.52507
4.92673	1.30294
4.61545	1.17083
4.55559	0.579437
4.76295	0.431677
4.8297	0.329753
5.11926	0.403875
5.35334	0.795352
5.50041	1.23055
5.32045	1.6747
5.03546	1.82008
4.88339	2.0353
4.87756	1.91595
5.03809	1.84357
5.21843	1.61838
5.28103	1.46493
5.09408	1.10915
5.04845	0.789764
5.22317	0.155337
5.24776	-0.260834
5.06844	-0.254122
5.17599	-0.722656
4.96138	-0.771744
5.27798	-1.06041
4.85763	-0.947593
4.93376	-0.910582
4.86664	-0.545506
4.65742	-0.885718
4.80213	-0.87039
4.6012	-0.55928
3.98359	0.263281
4.7862	1.26275
6.03507	1.21086
6.27448	1.21174
6.49642	1.22479
6.60678	1.17278
6.46217	1.24493
6.42043	1.43848
6.60528	1.52241
6.70173	1.50331
6.39887	1.63039
6.3105	1.74935
6.34651	1.79595
6.08808	1.8558
5.78852	2.02308
5.96682	1.9204
5.86311	2.03574
5.84243	2.01166
6.00547	2.01085
5.90056	2.05575
5.99965	2.00119
6.12724	1.9297
6.13207	1.89797
6.24192	1.96964
6.07881	1.943
6.11706	1.98672
5.8694	2.05906
5.40432	1.73395
5.32682	1.33279
5.13948	1.68788
4.51643	2.00642
4.36293	1.91871
4.30131	1.31464
4.87389	0.912401
4.61559	0.0324393
4.71238	-0.170446
4.56486	-0.570162
4.93146	-0.776026
5.09932	-0.771618
4.96914	-0.844158
5.06729	-0.617218
4.95661	-0.243807
4.60589	-0.34381
4.69436	-0.203926
4.44863	0.386354
4.02957	0.642087
3.46754	1.24072
5.23082	1.54073
5.12051	1.923
5.10529	2.16303
5.26188	2.12845
5.01865	2.19413
4.63685	1.76575
4.62285	1.87824
4.72195	1.82794
4.68899	1.92998
4.75773	1.78317
4.74914	1.75992
4.61629	1.7644
4.50772	1.73461
4.47793	1.86217
4.43723	1.96527
4.48792	1.80214
4.5757	1.52097
4.22138	1.80197
4.10436	1.76089
4.42032	1.15051
5.87949	1.03839
6.7042	1.07196
7.07663	1.00266
7.30888	0.775107
6.89188	1.11931
6.48186	1.37619
6.44049	1.45717
6.12007	1.59878
5.27386	1.50868
3.79031	1.67218
3.48672	1.34173
3.58136	1.37656
3.32017	1.29759
3.31331	1.28915
4.2965	-0.100419
4.31993	-0.0476824
5.00547	-0.724916
4.94677	-0.522903
4.77483	-0.53352
4.48895	-0.356243
4.44153	0.00146552
4.22208	0.281712
4.13399	1.39779
5.54775	1.7031
5.54393	1.81883
6.07229	1.61299
6.30651	1.80999
6.41533	1.90136
6.50524	1.64529
6.14068	1.54731
4.39902	1.63045
3.35011	1.72922
3.42161	1.41013
3.09593	1.23952
3.24288	0.744091
5.0618	0.399783
4.86706	0.956377
3.47982	1.25112
3.8551	1.44398
6.02576	1.40823
5.585	2.02899
5.57068	2.07262
5.4551	2.00334
4.97004	2.10235
4.5103	1.93545
4.59178	1.92217
4.50805	2.05909
4.62685	1.97215
4.65117	2.19019
4.85378	2.02939
4.87134	1.87926
4.86498	1.49271
4.99457	1.07134
5.25725	0.7697
5.53013	0.531923
5.72159	0.512017
5.66921	0.750039
5.63118	1.00609
5.41182	1.30454
5.15176	1.60201
5.05209	1.79721
5.16425	1.88996
5.37718	1.80434
5.40249	1.83411
5.12026	1.88297
5.06922	1.70702
5.06305	1.56724
4.93118	1.69947
4.85176	1.84244
5.02821	1.6899
5.23565	1.96352
5.67352	2.10018
6.16375	1.96924
6.35139	1.87829
6.36129	1.7771
6.14283	1.88565
5.98781	1.95011
5.85407	2.10759
5.44186	2.3188
5.09059	2.097
4.92466	2.2066
4.62622	2.22048
4.2845	2.08913
3.87067	2.05604
3.74213	1.84174
3.49656	1.623
3.14992	1.58552
3.02939	1.3065
2.97507	1.06739
2.97521	1.01452
3.36354	0.748472
3.92122	0.738865
4.29594	0.458153
4.11686	0.278754
5.19193	0.365442
5.63967	0.58961
5.86944	1.31365
6.09885	0.963714
5.90526	0.89904
5.84461	0.951389
5.90761	1.00605
5.7191	1.05831
5.24369	1.2584
4.84561	0.994427
4.97108	0.867111
4.95833	0.491515
5.10009	0.584234
5.11553	-0.278176
4.81332	-0.221938
4.82325	-0.0707903
4.90674	-0.296955
4.60018	-0.00859255
4.58597	0.412502
4.46414	0.758024
4.1968	1.35552
5.55247	1.97925
5.7853	1.93374
5.8457	2.03211
5.98909	1.92627
5.85175	2.14023
5.77142	2.01232
5.48229	2.05195
5.185	1.79332
4.73315	1.75125
4.26625	1.36407
4.31283	0.419124
4.53103	0.0703676
4.52437	-0.597524
4.70933	-0.922821
4.78163	-1.04767
4.67703	-1.13039
4.94612	-1.22709
4.87944	-1.15525
4.79615	-0.804955
4.5089	-0.449644
4.22374	0.271238
3.69512	0.704552
4.58381	1.25502
5.91591	1.71675
6.02496	1.84134
6.01592	2.3088
6.04975	2.16106
5.82254	2.06818
5.6953	1.80147
5.69083	1.64926
5.58373	1.56277
5.06563	1.56798
3.95456	1.49948
3.28009	1.55374
3.24095	1.19012
3.26684	1.27
3.2031	1.06003
3.28043	1.0801
2.94489	1.10949
3.21964	1.13053
4.20223	1.82076
4.13609	2.12808
4.40869	2.18532
4.56998	2.24072
4.56328	2.19778
4.57513	2.18998
4.42573	2.14411
4.36784	2.01135
4.27134	1.94383
4.10016	2.126
4.04531	1.98161
3.89278	1.99346
3.76269	1.85099
3.64297	1.99968
3.68822	1.71749
4.48694	1.57725
5.07775	1.29476
5.3003	1.27076
5.3714	1.36531
5.27715	1.09749
5.11017	0.757175
5.4807	1.0657
5.56691	1.45867
5.62593	1.47202
5.70966	1.41249
5.74378	1.3517
5.79298	1.34365
5.83348	1.3033
5.68591	1.32236
4.7419	1.60494
4.77128	1.55712
4.8843	1.65046
4.99761	1.34525
5.06282	1.40792
4.93858	1.67476
4.62062	1.79862
4.50433	1.73068
4.23283	1.45524
3.8221	1.58743
3.54715	1.60144
3.93443	0.833215
3.86824	0.259242
4.06801	-0.0923957
3.79237	-0.314633
4.03807	-0.551967
4.08553	-0.677797
4.04015	-0.537396
3.94732	-0.609351
3.98859	-0.343608
4.03555	-0.670827
3.99981	-0.670671
3.97905	-0.716274
3.39065	0.968969
2.79955	0.553221
2.74278	0.692388
2.8497	0.494931
2.96722	0.7204
2.93713	0.599054
3.00856	0.713
3.00987	0.735121
3.19249	0.876251
3.40276	1.04581
3.40597	1.13144
3.21394	1.51285
3.88919	1.707
5.06125	2.2208
5.45025	2.23801
5.71328	2.11349
5.53435	2.28413
5.13685	1.90012
4.69492	1.96779
4.66712	2.07515
4.79019	1.99255
4.96	2.07162
4.96099	2.12399
5.6567	2.06706
5.54102	2.59955
5.75302	2.61668
6.30026	2.12257
6.40338	2.22089
6.27772	2.49445
6.15855	2.37203
6.00579	2.21789
5.59803	2.45499
5.41391	2.54763
5.39007	2.56515
5.34213	2.19445
5.00272	2.1901
4.79315	2.15654
4.54568	2.12111
4.06545	1.61355
4.54549	0.68936
4.5773	0.135867
4.5096	0.633332
4.42401	0.43974
4.45373	0.235164
4.34353	0.433494
4.2346	1.57365
5.58893	2.11196
5.72545	2.10521
5.96882	1.90738
5.99369	1.78427
5.97406	2.06404
6.20034	2.05687
5.98941	2.12747
6.162	1.99388
6.64474	1.62206
6.77042	1.48243
6.80855	1.22596
6.95619	0.991629
7.06242	0.798638
6.67845	0.928798
5.75803	1.39138
4.60229	2.12703
4.75042	1.92542
4.88927	2.0059
4.66809	2.18266
4.64816	1.71876
4.33792	1.75591
3.9346	1.78788
3.75473	1.41492
4.24798	0.338746
4.25578	0.0261365
4.48999	-0.066806
4.91782	-0.443558
5.01292	-0.667963
5.08595	-0.880327
5.26299	-1.01711
5.30482	-0.554093
4.78209	-0.213496
4.41107	-0.178859
3.59155	-0.0810005
3.34076	0.386851
3.32961	0.47006
3.76558	0.389154
4.29772	0.310227
5.30832	1.24711
6.18779	0.828723
6.18511	0.935835
6.38831	0.982844
6.39284	1.24997
6.18732	1.05894
5.58575	-0.205217
5.23008	0.829528
6.3218	1.27793
7.03662	1.12666
7.44742	1.24932
7.56275	1.07964
7.51171	1.18768
7.26876	1.26986
7.07674	1.30009
6.90156	1.53118
6.57828	2.03027
6.48338	1.96684
6.2869	1.64641
5.94701	1.63364
5.67077	1.64534
4.39113	1.62604
3.79969	1.57169
3.66578	1.26079
3.50429	1.24654
3.43989	1.27452
3.50914	0.996619
4.43971	0.898156
4.9566	0.841235
3.94934	1.36049
6.2828	1.96381
6.41374	1.79793
6.56634	1.89116
6.29005	2.17963
5.65647	1.8506
4.25254	2.22139
4.74435	2.02182
4.46845	1.87991
3.6716	1.36937
3.53149	1.39362
3.31608	1.34034
4.12538	0.930833
3.48345	1.09725
5.33173	0.610999
4.93804	0.952514
3.81491	1.27697
5.3975	2.23855
6.2616	1.96321
6.47986	1.79267
6.34809	1.91461
5.52568	2.12376
5.17819	2.22085
5.34538	2.04488
5.33041	1.93417
5.17301	2.04615
5.48062	1.99813
5.70098	2.0635
6.54788	1.70385
6.82037	1.68623
7.1225	1.50323
7.27609	1.47386
7.26323	1.4642
7.14268	1.54258
6.70886	1.83287
6.21032	1.74443
4.38789	1.79528
3.84934	1.77938
3.81336	1.76528
3.64729	1.59047
3.41535	1.25174
3.48294	1.0815
5.06262	0.469953
5.45162	0.462388
5.30507	0.791593
6.22637	0.641367
6.48475	0.169952
6.4214	0.103186
6.2184	0.327972
5.22168	0.749076
4.15501	1.11435
3.77349	1.58168
3.71278	1.44177
3.49837	1.62909
3.5778	1.75315
3.57216	1.40483
3.53076	1.43642
3.72197	1.36342
3.56033	1.44051
3.72022	1.33086
3.66075	1.13334
5.74619	0.735338
5.25261	1.51939
6.25051	1.5805
6.13332	2.17038
6.16706	1.99984
6.23764	2.00174
6.28696	2.10077
5.75501	2.20639
4.54002	1.99279
3.72866	1.89512
3.42794	1.58505
4.05547	1.3284
3.36844	1.36132
3.18248	1.07424
3.11779	1.19846
3.18519	0.535033
4.17497	0.333893
4.204	0.574687
3.66528	0.953874
3.52309	1.09794
3.33803	1.34208
3.38725	1.23084
4.65354	2.08544
4.68789	2.14743
4.66698	1.70571
4.57607	1.99235
4.78899	1.81554
4.68124	2.05733
4.71995	1.9901
4.69667	1.96522
4.87649	1.63294
4.76017	1.77319
4.56225	1.86187
4.56485	1.88966
4.56748	1.98261
4.56279	2.03517
4.59145	1.99235
4.7753	1.76009
6.03774	1.72585
6.50008	1.55249
6.48285	1.6751
6.31095	1.97359
6.07819	2.10587
6.01394	2.04439
6.20913	1.55732
6.14339	1.59653
5.75033	1.35976
5.17978	1.26703
5.82612	1.3342
6.13276	1.62578
6.45406	1.63141
6.5962	1.55112
6.59978	1.4334
6.39347	1.62932
6.07137	1.82508
5.69021	1.83734
5.38614	1.64898
4.89621	1.60044
4.69057	0.928834
4.75594	0.167835
4.73451	-0.623126
4.56955	-0.674058
4.85505	-0.946787
5.09558	-0.723641
5.17498	-0.50276
4.86784	-0.69098
4.54869	-0.340506
4.40434	0.680204
4.72501	1.92338
5.74616	1.81414
5.81501	1.75157
6.03183	1.86982
6.21789	2.05515
6.19289	1.92559
5.57396	2.00923
4.06688	1.53424
3.57826	1.46816
5.5312	0.37377
5.2511	0.588926
3.91064	1.08568
4.22943	1.23195
4.67697	1.66686
5.41696	1.9975
5.77883	1.85303
6.11112	1.74585
6.16628	1.66882
6.19498	1.85804
6.05226	2.04054
5.97114	1.95867
5.86874	1.9344
5.76431	1.89309
5.64197	1.922
5.48176	2.08699
5.43428	2.00978
4.94502	2.05717
5.16296	1.91479
4.18823	1.95689
4.80806	1.8346
3.98679	1.73538
4.5937	1.80291
3.85815	2.06005
4.15351	1.93858
3.90828	1.7696
3.74211	1.65813
3.70429	1.73306
3.39832	1.69084
3.3108	1.36751
3.11196	1.27355
3.23224	1.07397
3.1031	0.913389
3.07142	0.423829
4.68265	0.00649334
2.9076	0.696347
3.08083	0.899321
2.99417	0.732124
2.82174	0.519213
2.87641	0.706476
2.9666	0.709303
2.92362	0.296841
2.97738	0.579238
2.86643	0.505883
2.31965	0.55278
2.67861	0.431907
2.65993	0.809229
2.71814	0.516079
2.67438	0.485188
2.43585	0.388814
2.65166	0.485282
2.48258	0.511036
2.54574	0.561305
2.45998	0.435474
2.79366	0.865811
3.21442	1.75779
4.64518	2.03299
4.95773	2.06901
4.94567	1.94673
4.9869	1.74769
5.16713	1.73468
5.20658	1.49509
5.05958	1.57719
4.92627	1.63961
4.96568	1.65244
5.11037	1.60828
4.96005	1.59492
4.97961	1.60116
5.01997	1.62803
4.84538	1.61189
4.80481	1.69945
5.54885	1.66499
4.98782	2.19666
4.93166	2.12958
5.14276	1.96045
5.13176	1.92823
4.86384	1.33899
5.12128	0.229304
4.73534	-0.178649
5.10339	-0.529417
5.11589	-0.747227
4.9191	-0.744416
5.18827	-0.569701
4.92868	-0.418178
4.71898	-0.349966
4.491	-0.112812
4.55182	0.542333
5.83609	1.01828
6.39923	2.13933
6.61204	1.70814
6.78642	1.58742
7.15112	1.25747
7.55067	0.82948
7.4995	0.619915
7.23064	0.316721
6.97015	0.0795422
6.64804	-0.114652
5.68021	0.0494449
4.42783	1.48233
4.35357	1.68037
4.47852	1.33683
4.07756	1.77801
3.87581	1.45988
3.71927	1.30253
3.73525	1.30889
3.56577	1.20778
3.37736	1.51995
4.8383	0.802033
5.64104	0.848297
6.19721	1.5422
6.63165	1.74597
6.36592	1.91056
6.0945	2.0417
6.02319	2.04956
6.40373	1.8574
6.69782	1.64412
6.80455	1.51059
6.90789	1.48296
6.82397	1.42233
6.41925	1.60602
6.06214	1.71017
5.60119	1.65586
4.57583	1.695
3.7089	1.91986
3.32594	1.57681
3.21566	1.3867
3.31144	1.38489
3.75008	1.58014
3.09215	1.22696
3.42029	1.47588
3.23913	1.51768
3.15654	1.53781
3.85045	1.82736
5.46562	1.7435
4.88891	2.05917
4.32293	2.21167
5.00945	1.86627
4.95236	1.9365
5.0868	1.908
5.0738	1.81196
5.21156	1.828
5.34285	1.76338
5.24294	1.91863
4.66691	1.69441
4.62167	1.86831
4.85221	1.65922
4.80173	1.8028
4.8802	1.88149
4.86673	1.95678
4.97394	1.75265
5.53359	1.30692
5.50395	2.09995
5.51769	1.9575
5.45696	2.01883
5.44328	1.97831
5.49851	1.79604
4.70307	2.14095
4.10634	1.73719
4.01317	0.603008
4.27339	0.105153
4.43701	-0.362089
4.54539	-0.584363
4.54671	-0.699979
4.67365	-1.00009
4.66599	-0.931202
4.61588	-0.826314
4.50648	-0.626717
4.03063	-0.0397415
3.63881	0.538528
5.40464	1.22773
5.6437	1.7547
5.84283	1.82106
5.89062	1.75553
5.77333	1.89846
5.75227	1.7293
5.77756	1.70018
5.89654	1.64346
6.07724	1.59769
6.14368	1.83105
6.34967	1.82133
6.32853	1.95524
6.38955	1.91118
6.27102	1.9667
6.06548	1.97672
5.80595	2.0104
5.52964	2.00333
5.01146	1.28395
4.86287	0.550471
5.40098	1.18029
4.99209	1.93635
4.94077	1.51909
4.33179	1.81035
4.76259	2.12588
4.87985	2.06939
4.71475	2.29426
4.84207	1.97229
4.83878	1.88187
5.09577	1.64255
5.00458	1.40127
4.55664	1.26985
4.68902	0.974461
4.64827	0.637181
4.75993	0.189824
4.88556	-0.117672
4.68117	-0.171827
4.91645	-0.0263041
4.85569	0.0135571
4.87718	0.0080923
4.8808	0.123906
5.03712	0.419351
5.06324	0.472151
5.0278	0.780487
5.44988	0.700173
5.58367	0.733042
5.69689	0.875674
5.82895	0.909647
5.81921	1.26316
6.03198	1.26549
6.33242	1.05428
5.88441	1.1591
6.07097	1.04535
4.89776	1.5726
5.39074	1.04409
4.29404	1.48203
3.93583	1.3322
3.54144	1.26399
3.19103	1.12909
3.22449	1.06782
2.94625	0.803224
2.81609	0.588063
2.74817	0.85812
2.69877	0.985366
2.68362	0.819463
2.71456	0.789197
2.47716	0.581351
2.77625	0.528586
2.62121	0.620078
2.81914	0.57517
2.63226	0.562496
2.5153	0.793805
2.98819	0.487564
3.00939	0.696678
3.04694	0.483122
3.00812	0.473403
2.83917	0.533753
2.93269	0.377559
2.97693	0.526221
2.97493	0.67073
2.73969	0.482119
2.90034	0.621575
2.81014	0.63032
3.19964	1.17662
5.27481	1.13771
3.83976	0.85538
3.53517	1.21943
4.16188	1.3467
6.23842	1.35057
6.46631	0.968599
5.72193	1.46707
5.3553	1.43918
5.028	0.960174
4.98374	0.277456
4.98925	-0.188249
4.93935	-0.615428
4.93465	-0.420862
5.04269	-0.671282
4.91301	-0.461456
4.81738	-0.291959
4.44397	0.0519551
5.14464	1.20571
5.90063	1.27959
6.07178	1.35758
5.9648	1.47439
6.10775	1.39759
5.99908	1.58023
5.58982	1.66523
5.47238	1.57243
4.95223	1.74851
4.62031	1.9706
4.57045	1.99916
4.68771	2.14643
4.57108	2.05355
4.42562	2.03564
4.26622	1.95016
4.38464	1.87063
4.20793	2.03384
4.06265	1.87892
5.20272	0.892836
4.89524	1.05278
5.26863	0.567691
5.73668	0.948715
6.23256	1.25312
6.55854	1.35953
6.66866	1.38713
6.55148	1.51854
6.64746	1.62935
6.81616	1.60664
6.71566	1.5679
6.37635	1.7302
6.352	1.66692
5.90131	1.83885
5.02431	1.83882
4.04749	2.03326
3.67887	1.75201
3.68284	1.67521
3.46052	1.26967
3.44412	1.06867
4.3031	1.25252
5.10561	1.68744
5.75873	1.48513
5.99596	1.41971
5.80807	1.476
5.77669	1.5786
5.76022	1.68998
5.46023	1.83979
5.07515	2.01562
4.87066	2.15505
4.84785	2.06754
4.80875	2.01803
4.85643	1.83986
4.45707	2.0824
4.16689	1.88701
3.72822	1.63499
3.54266	1.24848
3.18192	1.19418
3.06531	0.971059
5.42637	-0.0363185
5.12352	0.153561
4.53465	0.0454937
5.09605	1.4727
6.04741	1.18816
6.14049	1.31962
6.11079	1.65579
5.86387	1.90546
5.22221	1.953
4.68882	1.91781
4.65969	2.00797
4.62805	2.10401
4.70437	2.09256
4.71787	2.20804
4.91113	2.0642
5.03027	2.04237
5.14837	2.13848
5.63167	2.08245
5.82024	1.99682
5.87607	1.83683
5.89632	1.82009
5.91417	1.70931
6.08322	1.44481
6.30296	1.14343
6.36838	1.01742
6.35543	0.798536
6.1711	0.528222
6.01036	0.514541
6.07189	0.066429
6.08009	-0.00418173
6.25771	-0.0131984
6.45964	-0.0998949
6.55293	-0.119181
6.67144	-0.0694368
6.49131	0.0903072
6.45233	0.174166
6.1917	0.716224
6.2888	1.16277
6.56889	1.23514
6.8575	1.21061
6.78806	1.41319
6.6197	1.61806
6.02192	2.08332
4.92928	2.31871
4.58934	2.02638
4.42781	1.93926
4.21518	1.85536
4.04146	1.95919
3.94634	1.81964
3.85749	1.77571
3.83052	1.58543
3.64741	1.53033
3.53828	1.44237
3.32833	1.23978
3.19575	1.16844
3.00924	1.19778
2.99044	0.873868
3.07384	0.887076
2.8752	0.708698
3.35152	0.797554
4.54524	0.973342
5.67047	2.00672
6.24268	1.86909
6.72557	1.70325
6.7483	1.99887
7.10463	1.55145
6.98378	1.72149
6.62708	1.95581
5.78778	2.23044
3.90788	1.63693
3.6359	1.63486
3.53604	1.41538
3.34926	1.30848
3.38112	1.07121
3.3447	1.00614
4.58485	-0.253205
4.3376	-0.707885
4.78142	-0.987926
5.10291	-0.369249
5.34113	-0.566357
4.58132	-0.290841
4.38197	-0.282992
3.90592	0.14035
3.57249	0.243295
3.54919	0.486248
3.34639	0.486831
3.68857	0.394532
3.8345	0.440872
3.78503	0.752616
4.03337	0.998129
4.92077	1.74798
5.17726	1.42026
5.27346	1.54631
5.5967	1.34348
5.6158	1.09423
5.05615	1.00767
4.82769	0.287149
5.09156	-0.307494
5.11616	-0.544577
5.0349	-0.680222
5.04094	-1.11173
5.22521	-1.11932
5.09725	-0.947446
4.92362	-0.790887
4.80614	-0.683017
4.59085	-0.320568
4.40405	0.0295608
5.68243	0.696083
5.68727	0.749365
5.85218	0.807282
6.0882	0.728566
6.19068	0.786549
5.92114	1.25512
5.78963	1.57124
5.71612	1.66714
5.09685	2.08665
4.07183	1.80703
3.96158	1.74273
3.74277	1.90082
3.82702	1.68515
3.8676	1.67801
3.79024	1.54217
3.54762	1.53463
3.62753	1.55614
4.11019	1.20952
5.20912	1.40413
5.56191	2.03055
5.46667	1.88597
5.31889	1.87004
5.25654	1.64465
4.91688	1.43499
4.65112	1.57444
4.64663	1.48436
5.31785	1.24613
5.2802	1.66606
5.83872	1.80528
5.29901	1.62667
5.52898	1.73614
4.88781	1.94169
4.61056	1.87878
4.54758	1.82547
4.51011	1.82701
4.54972	1.55777
4.63827	1.59582
3.98364	1.19941
4.04306	1.5595
3.72693	1.25155
4.15198	0.194694
4.23843	-0.139969
4.42462	-0.436388
4.65403	-0.653909
4.57845	-0.815893
4.58113	-1.26592
4.44064	-1.07052
4.44173	-0.640115
4.62068	-0.857527
4.64155	-0.878306
4.71825	-0.852539
4.81026	-0.769054
4.555	-0.466172
4.4086	-0.619529
4.00693	-0.55666
3.83616	-0.0141605
3.58152	-0.0740596
3.56837	0.230972
3.4762	0.409921
3.32171	0.690336
3.05363	0.602247
3.14205	0.63546
3.03964	0.598565
3.09241	0.527936
3.02216	0.918675
2.9997	0.620661
2.55408	0.78735
2.84642	0.463177
2.93517	0.428357
3.05105	0.51679
2.93143	0.407973
3.13699	0.63012
2.92331	0.547459
2.90357	0.455467
2.91055	0.433319
3.07413	0.686953
2.89456	0.615616
2.89116	0.499483
2.81071	0.5635
2.91601	0.453731
3.03947	0.558084
2.96189	0.6077
3.08648	0.302001
3.02379	0.532959
3.19997	0.7258
2.93779	0.769888
2.96146	0.600037
3.24814	1.09757
2.98293	0.616091
3.50589	0.481288
3.61414	0.640814
3.47059	0.934249
3.02898	0.856993
3.17264	0.439789
4.77777	0.379226
5.90281	-0.161407
6.06409	0.132799
6.3757	-0.216744
6.2217	0.0855867
6.05532	0.115633
6.02697	0.182912
5.90771	0.251051
5.52638	0.286951
4.80459	0.253956
3.95078	0.847027
3.51985	0.836657
3.40685	0.996937
3.22422	0.882075
3.27823	0.64738
3.12512	0.782524
5.03894	-0.433255
6.00961	-0.36898
4.61876	0.0518294
6.52011	0.335912
6.83788	0.641725
6.80355	0.779888
6.77606	0.939104
6.73126	1.13943
6.82784	1.29099
6.9757	1.21354
6.85979	1.23144
6.66047	1.08107
6.3797	0.997461
6.19091	0.894085
6.07946	0.775236
5.70001	0.898202
5.24281	1.41167
4.79921	1.94038
4.93601	1.9749
4.99275	1.79576
4.79772	1.82714
4.74708	1.65309
5.2349	0.889362
6.0513	0.521113
6.4316	0.662755
6.50141	1.0434
6.17763	1.30722
5.82329	1.06177
6.35974	1.28893
6.60671	1.27922
6.6139	1.35472
6.56535	1.48901
6.56984	1.40481
6.27694	1.53092
5.45956	1.86053
4.78606	1.68313
4.72131	0.969776
4.92936	0.421863
4.6328	0.137565
4.77467	-0.0440879
4.66923	-0.267531
4.53122	-0.116784
4.24409	0.259951
4.18382	0.528825
4.33357	0.998404
5.01362	1.91157
6.03199	1.98946
6.39036	1.96434
6.61347	2.08549
6.63505	2.01986
6.23741	2.13898
5.45388	2.07064
4.44982	2.09157
4.65318	1.67604
4.40111	2.04621
4.70536	1.81851
4.71194	1.80891
4.87771	2.03043
5.01941	2.18796
5.15592	2.04248
5.11393	1.89041
4.97415	2.1024
5.13693	2.06252
5.36036	2.05451
5.68541	1.64882
6.54797	1.42259
6.44748	1.23507
6.23937	1.161
6.0827	1.15869
5.48191	1.53779
4.84818	1.78984
4.73462	2.01173
4.46274	2.21632
4.29356	2.00715
4.09759	1.95471
3.79692	1.85762
3.72556	1.49717
5.02026	0.0812769
4.20881	-0.121633
4.61554	-0.502816
4.79577	-0.577068
4.77127	-0.260318
4.71427	0.155985
4.53936	0.465621
4.5674	1.16083
5.216	1.70133
5.8626	1.69041
6.20757	1.75568
6.33206	1.91789
6.49465	1.82187
6.43326	1.88429
6.72035	1.59895
6.69019	1.5358
6.56561	1.56545
6.27791	1.81198
6.30792	1.96538
6.52789	1.93835
6.76249	1.80712
6.67873	1.99227
6.33877	2.28616
6.06591	2.23216
5.81155	1.65925
5.6477	0.83347
5.32954	0.00378086
4.97073	-0.564065
4.91889	-0.57895
4.85639	-1.03008
4.83217	-0.602781
4.90262	-0.471311
4.86093	-0.64974
4.76005	-0.634384
4.6871	-0.302008
3.92643	0.545653
3.93494	1.16792
5.69811	1.57717
6.10642	1.92229
5.95953	2.36295
6.12413	2.20271
5.67955	2.16745
5.25079	2.03939
5.08662	2.22416
4.95331	2.20862
4.80734	2.17721
4.62491	2.10514
4.42308	1.98729
4.28001	1.90121
3.99683	1.78322
3.76146	1.69224
3.47348	1.58186
3.34207	1.22857
3.25168	0.910376
3.30567	0.764496
5.83918	0.0522248
5.14067	0.737326
4.83965	0.623482
4.75938	0.945428
5.60635	1.4405
4.34807	0.965847
5.31139	1.26022
6.20557	0.98635
6.29374	1.17328
6.24595	1.32576
6.16795	1.3468
6.12515	1.35102
6.06787	1.24233
5.89365	1.28951
5.61601	1.44235
5.48184	1.53524
5.29446	1.57878
5.02717	1.68458
4.25946	1.94968
4.06984	1.85348
4.20329	1.67971
4.07391	1.96009
4.20305	1.72561
4.04191	1.93738
4.15308	1.99071
4.47474	1.68801
4.8548	1.17249
4.63733	0.850956
4.62757	0.717583
4.55282	0.84902
4.60915	0.664524
4.69918	0.639496
4.27084	0.723703
4.11788	1.04101
3.811	1.1435
4.04299	0.657902
4.10198	0.0646912
4.39151	-0.385953
4.47854	-0.391289
4.5238	-0.260419
4.52041	-0.394254
4.40413	-0.1914
4.65853	-0.124496
4.53717	-0.235345
4.65195	-0.136918
4.55543	-0.280252
4.31213	-0.190867
4.28101	-0.149983
4.27006	-0.0312072
4.16819	0.205011
3.62702	0.209206
3.39419	0.400752
3.22617	0.863658
3.29873	0.712117
3.1237	0.86086
3.02599	0.894777
3.09131	0.778273
3.17215	0.770588
3.08097	0.840964
3.12722	0.951718
3.13569	0.812415
3.0529	0.675462
2.87144	0.717286
3.04969	0.694452
2.85581	0.771592
2.72665	0.858483
2.81806	0.490491
3.00813	0.649286
2.85098	0.592827
2.8469	0.411061
2.78918	0.770293
2.72887	0.456151
3.03053	0.86938
3.16872	0.384455
3.46202	-0.190961
3.77561	-0.18854
4.01829	-0.247136
4.35541	-0.434947
4.44607	-0.595058
4.45753	-0.504429
4.33669	-0.478346
4.35779	-0.410728
4.91425	0.331333
5.84348	0.507745
5.90109	0.777133
6.08384	0.537177
5.8425	0.382081
5.30043	0.67254
4.90418	0.518129
5.02465	0.392575
4.89097	0.0261423
4.93829	-0.368387
4.90489	-0.494209
5.04194	-0.537837
4.8608	-0.573538
4.93497	-0.678111
4.78543	-0.39177
4.89551	-0.224984
4.82494	-0.106738
4.27689	0.300148
4.26322	0.816135
6.4261	1.32542
6.47995	1.83657
6.55895	1.75449
6.86913	1.59242
7.3622	1.25655
7.478	1.3112
7.55906	1.20094
7.44319	1.18159
7.22828	1.32957
7.36921	1.34905
7.45272	1.33702
7.28877	1.30584
7.2474	1.23941
7.38498	1.17906
7.16752	1.08523
6.90179	1.0209
6.59073	1.0806
5.61182	1.53094
5.49897	1.57922
5.16737	1.66394
4.99582	1.79556
4.71939	1.87203
4.52648	2.04446
4.33607	2.03789
4.33326	1.91278
3.91099	1.7811
3.83422	1.78732
3.42123	1.46384
4.84886	0.11683
4.36531	-0.0796973
4.59308	-0.893851
4.7166	-1.01014
4.82714	-0.970416
4.82455	-0.880109
4.63101	-0.856401
4.49594	-0.911991
4.10363	-0.247875
3.61427	0.483789
3.75154	1.63343
3.0873	0.690497
3.04652	0.715783
3.09619	0.578204
3.02351	0.506253
2.83048	0.665518
2.87458	0.753365
2.84039	0.511051
2.82417	0.564027
2.92267	0.683013
3.16464	1.3595
3.03403	0.929336
3.46187	1.4
4.98127	2.11774
4.94705	2.10524
5.17494	2.08562
5.17083	2.07043
5.03056	2.10793
4.78673	2.00835
4.74317	1.81801
4.75949	1.89996
4.81572	1.97368
4.83277	2.0768
4.85264	1.9269
4.74793	1.87316
4.40283	1.99106
4.34609	1.99896
4.4422	2.06457
4.6454	1.99779
4.68166	2.14339
4.78999	2.14594
4.94123	1.88137
5.54707	1.79072
6.18732	1.39384
6.20409	1.16527
6.37324	1.02512
6.55865	0.945074
6.7868	0.888276
6.86287	0.833027
6.7819	0.824108
6.57886	0.869837
6.47028	0.986426
6.51021	1.10267
6.30399	1.34158
5.87873	1.49158
5.35464	2.01323
5.08922	1.77488
4.89653	1.63444
4.56141	1.74545
4.28575	1.56321
4.07979	0.766548
4.37829	0.297118
4.6079	-0.132921
4.44224	-0.344991
4.32781	-0.00207902
4.26276	-0.330472
4.00279	-0.160634
4.13483	-0.22431
3.91723	-0.203903
3.95337	-0.360406
3.71174	-0.171971
3.22143	0.895241
2.8216	0.80959
2.84968	0.531081
2.91687	0.614826
2.83827	0.573539
2.85129	0.328152
2.80385	0.468536
2.88427	0.468839
2.75138	0.685277
2.85628	0.418213
2.92865	0.566578
4.14409	0.859203
3.6612	0.347557
3.60366	0.761435
5.24124	0.618278
5.97438	1.33213
5.41156	1.73526
4.81902	1.90476
4.29938	1.93107
3.99571	2.35039
3.94855	2.44415
3.85652	2.07626
3.84812	2.09024
4.09525	1.92797
4.31916	1.65221
4.67051	1.64562
5.07776	1.4436
5.63448	1.32838
6.25438	0.915187
6.53599	0.688286
6.64937	0.484166
6.57251	0.300592
6.11313	0.396446
4.59529	0.629126
3.68325	1.38024
3.66668	1.60335
3.53637	1.53982
3.47309	1.34884
3.61068	1.30237
3.39592	1.52884
3.35037	1.54944
3.24781	1.35626
3.28941	1.25542
3.42651	1.21998
5.23404	0.690106
5.61347	0.505045
5.59865	0.537288
6.21646	0.0741369
6.10523	0.233536
6.21728	0.063998
6.1816	-0.0833265
6.03563	-0.0347298
5.98657	0.0343209
5.8759	0.0305323
5.86255	-0.0320835
5.7991	-0.0267635
5.79324	0.066699
5.75536	0.138081
5.83855	0.326199
6.00063	0.419113
6.01649	0.647641
5.9975	0.775512
5.95348	0.963511
5.79403	1.02487
5.59608	1.26242
5.71329	1.29839
5.37861	1.8122
5.35572	1.5506
5.55052	1.46912
5.06963	1.79034
4.77186	1.98912
4.94857	1.69114
4.21152	1.5946
3.70426	1.46825
3.9318	0.776064
4.034	0.235385
4.16815	-0.0953616
4.076	0.0597427
3.95077	-0.262263
3.90533	-0.215553
3.94944	-0.277476
3.89148	-0.347453
3.86655	-0.430163
4.09627	-0.322492
3.81727	-0.325866
4.16737	0.397951
3.96871	-0.391833
3.63703	-0.0596808
3.41233	-0.261366
3.27436	-0.338118
3.15443	0.152042
3.15131	0.39447
3.00598	0.480395
2.92386	0.492338
2.91126	0.8555
2.88011	0.513508
2.94829	0.597845
2.91361	0.4613
2.7986	0.543903
2.93074	0.565889
3.34839	0.504049
3.39134	0.516381
3.70618	-0.0410216
4.1907	-0.12284
4.42537	0.041209
4.96825	-0.161686
5.21157	-0.436017
5.10377	-0.243626
4.6307	0.409659
6.95894	0.63437
7.05451	0.974486
6.94089	0.762679
6.83375	0.744417
6.93216	0.710308
7.05407	0.573886
6.93205	0.616751
6.75023	0.631786
6.65536	0.74008
6.92504	0.80019
7.21379	0.761336
7.23464	0.715222
7.04244	0.861529
6.93825	1.10608
6.72479	1.42436
6.34163	1.62879
5.74524	1.93859
5.35757	2.23921
5.38348	2.14501
5.18528	2.24268
5.08843	2.12083
5.01783	2.16642
4.92522	2.24732
4.95358	2.08805
6.02048	1.37605
6.47175	1.53614
6.77015	1.60533
6.49136	1.83155
5.3681	1.95415
5.99264	1.89034
6.31741	1.90355
6.69865	1.6235
6.71749	1.60841
6.76038	1.57796
6.76121	1.68753
6.56305	1.95907
6.19188	2.21012
5.33153	1.92783
5.15773	2.00191
4.86567	1.95873
4.56837	2.06378
4.30362	1.99913
4.14336	1.92882
3.85512	1.96952
3.78472	1.41143
5.01891	0.434872
4.151	0.0529976
4.44849	-0.245644
4.55943	-0.459474
4.75146	-0.442875
4.64102	-0.11845
4.18279	0.0995063
3.82234	0.861251
3.9895	1.02248
5.23439	1.12801
6.58379	1.77763
6.53954	1.92395
7.03457	1.48648
6.89535	1.55706
6.8715	1.4689
6.82333	1.41377
6.79786	1.5099
6.86982	1.53471
6.80338	1.62665
5.84154	2.00911
3.89447	1.96385
3.74605	1.54065
3.41334	1.53221
3.44022	1.20933
3.395	1.09614
4.08261	0.701146
4.52299	0.482755
5.57828	1.72307
6.37376	1.75775
6.84956	1.53438
6.66436	1.84941
6.81535	1.4697
6.57613	1.68902
6.41687	2.02994
6.01514	1.82195
3.92504	1.98255
3.58872	1.73505
3.75935	1.73281
3.52132	1.74993
4.39663	0.599846
4.29411	0.210999
4.46086	-0.212233
4.74837	-0.738825
4.69412	-0.256329
5.10632	0.293235
4.99429	0.972134
5.3178	1.48517
5.62869	1.68501
6.00883	1.64538
6.22309	1.56104
6.19506	1.70972
5.80159	1.88993
5.07068	1.69341
5.42721	1.52933
5.88627	1.70829
6.09983	1.89523
6.33405	1.84085
6.49516	1.75396
6.29847	2.17043
6.36785	1.99287
6.29992	2.03717
5.83531	1.94604
5.19887	1.61359
5.02502	1.67847
4.7033	1.85715
4.55965	1.78266
4.25863	1.67077
3.82924	1.68588
3.45198	1.71729
3.39317	1.39198
3.95837	0.629421
5.67948	0.258718
5.03842	0.744451
4.22048	1.11904
4.09598	1.5549
6.23909	1.63964
6.17428	1.82418
6.24523	1.74691
5.90097	1.82428
5.38374	1.77058
3.92944	1.52417
3.45594	1.24549
3.21733	1.40598
3.23583	1.20872
3.15711	0.990675
3.75222	0.488525
5.94744	0.598701
5.69258	0.67362
4.20064	1.16132
6.53581	1.53507
6.46122	2.05042
6.41078	2.12335
6.31694	2.0155
6.01188	1.95924
5.80442	2.06566
5.80556	2.01363
5.704	2.05802
5.67247	2.06508
5.58096	2.07408
5.69168	1.78948
5.53702	1.71908
5.23765	1.65735
4.30333	1.58384
3.68067	1.63809
4.18586	0.922031
4.08127	0.944968
3.60185	1.0334
5.6528	0.399597
5.68365	0.541568
5.97172	0.717279
6.09946	0.751417
5.88195	0.346647
5.85309	0.311232
5.91302	0.221687
5.73522	0.469857
5.82308	0.314316
5.90439	0.303346
5.99003	0.267856
5.84966	0.506596
5.87474	0.592355
6.16391	0.443797
6.34947	0.447286
6.39075	0.743646
5.30319	1.18499
5.58965	1.20723
5.30798	1.61595
5.29939	1.7512
5.21125	1.50047
5.03962	1.58795
4.59489	1.84153
4.10217	2.05051
4.42966	1.81394
4.20874	1.8026
3.73242	1.51102
3.59424	1.5596
3.58356	1.29431
3.37263	1.12195
3.26552	1.05111
3.12768	0.856651
2.99857	0.877069
2.93449	0.834378
2.90761	0.619784
2.90333	0.887746
2.95522	0.610289
3.01106	0.487534
2.92605	0.530465
2.75283	0.556577
2.85414	0.382789
3.02253	0.776257
2.78669	0.57122
3.41504	0.0313088
2.74694	0.551938
2.93495	0.589711
2.91512	0.624756
2.89456	0.396717
3.65812	0.0394689
2.63873	0.524032
2.6981	0.353921
2.95592	0.710482
2.84062	0.806527
2.77662	0.842316
2.93618	0.74492
3.15842	0.969552
4.61882	1.1346
4.97293	1.91101
5.63451	1.51919
5.49943	1.84249
6.0737	1.19418
6.46831	1.76063
6.6996	1.97636
6.93649	1.79161
7.00567	1.70642
6.66154	1.91127
6.32044	1.99681
5.79266	1.89714
5.09612	1.79931
4.85353	0.82341
4.98499	0.35583
5.22108	-0.184032
4.84785	-0.393318
4.88677	-0.3567
5.03509	-0.344311
4.92174	-0.319226
4.70042	-0.127491
4.61015	0.921502
6.26261	1.69136
6.41089	1.89308
6.74854	1.79628
6.59609	2.03916
6.19147	2.33057
5.97645	2.39511
5.87125	1.82984
5.81047	1.72267
5.5043	1.85675
5.51153	1.89605
5.52399	1.91963
4.48363	1.82521
3.4579	1.7477
3.44496	1.44601
3.41756	1.45667
4.39203	0.883196
5.26817	0.275719
3.54985	1.47927
4.66375	1.7314
5.13394	1.83432
5.47132	2.02171
5.61692	2.11847
5.50987	2.00947
5.53831	2.07502
5.69956	1.95801
5.44213	2.24238
5.50366	2.28723
5.827	2.28528
6.43452	1.70733
6.22485	1.98285
6.24605	2.06761
6.45169	2.1082
6.56388	2.0403
6.20249	2.46876
6.13814	2.04275
5.99292	1.93227
5.78002	1.87488
5.37119	2.05438
5.16498	1.20621
4.9628	0.476103
5.03991	0.108421
4.7695	-0.200258
4.88854	-0.361574
5.11363	-0.288722
4.76573	-0.0370633
4.94199	0.0199956
4.66802	0.176012
5.01434	1.41872
5.13382	2.02229
5.30691	1.75071
5.31882	1.85224
5.32596	2.17645
5.20455	2.05489
5.15306	1.27221
5.00932	1.05549
5.04245	1.25277
4.7437	1.07925
3.31454	1.3205
3.11016	1.10228
2.96808	0.964688
3.05206	0.687777
3.01167	0.856366
3.1266	0.806286
2.99263	0.529135
4.99416	0.78142
5.11421	0.687365
4.6947	0.919447
5.98216	1.68272
6.25096	1.57122
6.38699	1.62533
6.4803	1.54239
6.45542	1.49808
6.34175	1.33909
5.90663	1.21334
5.00003	1.11249
4.16614	1.09145
4.52582	0.34483
3.5083	0.800934
3.07918	0.988847
3.53701	0.677677
4.21259	0.240945
3.80722	-0.342062
4.10196	-0.166303
4.25817	-0.622866
4.25555	0.0651286
5.65221	1.47617
5.57874	1.535
5.86059	1.57912
6.16075	1.58978
6.22713	1.81289
6.23539	1.8333
6.21435	1.78282
5.99783	1.88722
5.88753	1.79004
4.7926	1.73225
3.61253	1.69517
3.46451	1.46762
3.39843	1.31563
3.24158	1.09541
3.20108	0.95836
3.13251	0.875659
3.20445	0.91009
3.69663	1.2211
4.00931	0.951817
3.79206	0.902889
5.24667	1.9223
4.26529	1.80641
3.88277	1.72058
4.7609	1.92076
5.69471	1.74838
6.14959	1.63456
6.28077	1.44472
6.18788	1.65372
6.20185	1.58489
6.30354	1.46427
6.14412	1.70502
6.17791	1.57515
5.9719	1.6856
5.74995	1.7462
4.95828	2.12592
4.49399	1.83083
4.38622	1.94205
4.3866	1.8678
4.34035	1.79222
4.3997	1.81076
4.22064	1.9344
4.54566	1.56023
4.81649	1.18337
4.90816	0.871976
4.91561	0.701693
4.8707	0.726278
4.78362	0.806472
4.66267	0.950068
4.73816	0.741609
4.71484	0.679068
4.60346	0.763327
3.91602	1.24375
3.85777	0.757929
4.01024	0.34597
4.15993	-0.293493
4.11642	-0.721955
4.23411	-0.670775
3.87318	-0.970979
4.1582	-0.918365
4.25078	-0.874953
4.253	-0.799222
4.2371	-0.7324
4.22111	-0.909723
4.22816	-0.771857
4.19223	-0.742178
4.04759	-0.492882
4.52295	-0.218649
3.92738	-0.673519
3.78756	-0.279267
3.43246	-0.00547037
3.51831	-0.430407
3.33734	-0.0729223
3.23615	0.270039
3.19149	0.227021
3.02346	0.350184
2.96238	0.545863
3.00022	0.525711
2.96597	0.554667
2.88559	0.511776
2.82404	0.566491
6.22548	1.18806
6.22434	2.10962
5.67713	2.31286
5.03782	2.32933
5.09145	2.16284
4.9253	2.2583
4.78688	2.13393
4.45811	2.13016
4.13891	1.97957
3.72166	1.86742
3.30472	1.5712
6.19931	0.314772
5.22542	0.624171
6.05767	2.3663
5.71825	1.91266
5.28863	1.55745
5.94018	2.23904
6.30858	2.27196
6.50598	2.34505
6.6975	2.07562
6.39096	2.42053
6.19957	2.28671
5.83111	2.25134
5.44907	2.34227
5.07846	2.14192
4.93474	2.12634
5.21061	1.90012
5.29072	1.72511
5.26583	1.72212
5.39213	1.91945
5.71875	2.20194
6.1766	1.99421
6.22889	2.11632
6.30961	1.90105
6.11053	1.91531
5.99623	1.86442
6.06059	1.82347
6.1182	1.86964
6.16062	1.74722
5.94113	1.72135
5.76638	1.78881
6.03656	1.73364
6.16664	1.63624
6.02782	1.60976
5.93919	1.68486
5.90015	1.60785
5.82536	1.68474
5.85407	1.594
6.05931	1.73383
6.31966	1.80529
6.3705	1.74762
6.2096	1.95445
6.45485	1.9817
6.38999	2.07876
6.28234	2.02412
6.33509	2.06843
6.40615	1.97421
5.61915	2.52998
5.12625	1.84022
5.07264	2.03772
5.35601	1.72817
5.23438	1.89873
5.00837	1.85243
4.7746	1.90926
4.57483	1.83515
4.45804	1.88164
4.18131	1.9345
3.79523	1.80107
3.7172	1.49361
5.47489	0.694553
5.11745	1.17944
5.68585	2.04942
6.28637	1.81011
5.21151	0.58815
4.7479	-0.447462
5.22827	-0.111005
5.88179	1.48537
6.38355	1.92631
6.42504	2.05692
6.43246	1.87968
6.12692	2.13795
6.06729	2.29783
6.02399	2.34069
5.48988	2.41178
5.0258	2.2014
5.27869	1.89734
5.08492	2.03624
5.11642	1.92645
5.14163	2.33625
6.0167	2.13687
6.34581	2.32506
6.39166	2.26549
6.39136	1.96253
6.00323	1.85387
5.21704	1.91584
4.38422	1.9964
3.81964	2.04432
3.5154	1.52059
3.4442	1.16592
3.38777	1.01657
4.25182	0.474044
5.83779	0.467241
4.66406	0.255126
4.82408	1.41196
6.43788	1.26691
6.21127	1.45427
6.13999	1.64687
5.4824	1.85526
4.33822	1.3986
3.57692	1.63193
3.52174	1.67902
3.47228	1.65015
3.4589	1.48814
3.28999	1.54663
3.34966	1.57489
3.50295	1.39897
3.49936	1.42016
4.04024	0.866162
5.07921	-0.182854
4.30737	0.216828
5.27577	0.0277644
4.73514	-0.484944
4.53299	0.104204
4.54377	0.417342
4.82117	1.47008
6.21915	1.53151
6.2175	1.74946
6.21788	1.86614
5.05746	2.08368
5.26807	2.10052
4.85727	2.08149
5.35815	2.09681
4.57549	2.20127
4.50786	2.33214
4.38217	2.13021
4.46482	2.46161
4.26225	2.1126
4.08957	1.96557
3.5284	1.69626
3.12238	1.32413
3.1711	0.763689
3.06504	0.599767
3.06355	0.581301
2.89752	0.644964
2.9804	0.663437
3.12539	0.583841
2.9162	0.781411
3.03661	0.635826
3.01028	0.502827
5.38396	0.855659
4.06494	1.02111
4.48017	0.856834
3.77854	0.804561
3.71707	0.442545
3.55582	0.842753
3.45775	1.05134
3.17179	0.841398
3.11647	0.726565
3.29745	0.792715
2.97712	0.706567
2.98405	0.301444
3.04356	0.892678
2.92932	0.254591
2.94187	0.661076
3.01443	0.728453
2.53585	0.376792
2.89485	0.517937
2.73668	0.404395
2.80091	0.449449
2.93384	0.525258
2.91708	0.491179
2.91772	0.71141
2.87841	0.734731
3.37452	0.831117
5.10361	1.57955
6.62989	1.22341
6.33138	1.87137
6.4206	2.07624
6.73029	2.02433
6.94708	1.99915
7.06028	1.70482
6.87302	1.67322
6.59547	1.72544
6.42802	1.74843
6.2194	1.86911
6.15382	1.74187
5.90821	1.74664
5.64145	1.58469
5.30394	1.63287
5.11159	1.59122
5.16423	1.53087
5.20545	1.34731
5.40379	1.12094
5.4272	1.08151
5.42013	1.04687
5.49714	0.955781
5.73741	0.906407
6.20937	0.797965
6.63438	0.561415
6.84209	0.337854
6.82201	0.13612
6.67429	0.0857729
6.75495	0.160624
6.87759	0.266446
6.8273	0.369111
6.62052	0.587518
6.55909	1.01693
6.39844	1.44433
5.86387	1.69891
5.37345	1.61365
4.79075	1.73711
4.8632	1.48712
5.04674	1.95239
4.52866	1.89801
4.56861	1.93603
4.63426	1.71182
4.83537	1.80004
4.78112	2.17372
4.88979	1.98436
5.93157	1.62358
5.97134	2.18537
6.18968	2.02188
6.39689	1.98516
6.38442	1.95183
6.3543	1.81808
6.489	1.84333
6.53302	1.62375
6.49346	1.60166
6.52815	1.64318
6.3192	1.62187
6.01108	1.6069
5.85315	1.47633
5.56981	1.14667
4.92043	1.13094
4.74694	-0.0624307
4.72939	-0.428748
4.71462	-0.685153
4.65333	-0.985762
4.902	-0.89262
4.85189	-0.441114
4.8968	-0.723522
4.90976	-0.238127
4.25236	0.184715
3.78525	0.800565
3.81622	1.4694
4.93802	2.01871
4.778	1.98155
4.92615	2.12306
4.94373	2.04921
4.83388	1.84953
4.62289	1.90548
4.54928	2.00076
4.28436	1.95837
3.66053	1.8924
3.35631	1.35074
3.12948	1.10505
3.03164	0.928384
5.28762	0.644295
3.95718	1.07768
5.3715	2.21532
6.12433	1.74988
6.22678	1.75385
6.07132	1.73842
5.5532	1.85321
4.91554	1.6686
4.69812	0.9198
4.70222	0.18291
4.61831	0.0631047
4.54278	-0.0822639
4.62558	0.0132593
4.33771	-0.0127497
4.40287	0.305906
4.02246	0.502773
3.98621	1.03174
5.36222	1.75239
5.85813	2.35638
5.94632	2.09749
5.74728	2.1647
5.2944	1.88577
4.46412	1.82232
3.57781	1.51004
3.24735	1.41783
3.17331	1.17244
3.10485	0.731882
2.93019	1.03501
2.98588	0.846822
3.08753	0.656443
4.25459	1.16761
3.25378	0.913525
3.95957	1.18053
6.48608	1.06684
6.07574	1.56824
6.08357	1.36148
5.30626	1.68105
4.76536	2.04935
4.82265	2.17738
5.01786	1.99411
4.87115	2.10212
4.82292	2.05205
4.74029	1.99684
4.56997	2.02335
4.33075	2.02611
4.54156	1.56132
4.55261	1.1857
4.19408	0.729836
3.95425	0.57447
4.3219	0.398232
3.96156	0.0495083
3.92594	0.0284969
3.69497	-0.18265
3.52949	0.118446
3.29285	0.474223
3.32271	0.709747
4.20032	2.07054
4.65682	2.22575
5.00201	2.40491
5.18314	2.36701
5.29102	2.23333
5.41553	2.15936
5.41317	2.16711
5.30112	2.17079
4.89745	2.31247
4.44614	1.80601
4.29278	1.01438
4.64241	0.238045
4.91694	-0.677277
4.97229	-1.01777
5.08714	-1.0819
5.23515	-1.2499
5.24941	-1.28513
4.88519	-1.14404
4.97409	-1.03768
4.75783	-0.653134
4.17302	-0.254011
3.67721	0.446581
4.26684	1.68701
4.78638	1.66362
4.91346	1.4915
5.01725	1.58874
5.26836	1.43641
5.22987	1.6131
4.96949	1.88534
4.75462	2.13863
4.99762	1.97813
5.06493	2.24947
5.33716	2.26483
5.62744	2.17842
5.90766	1.88478
6.05076	1.78924
6.03507	1.81575
6.11759	1.74147
6.10823	1.81388
6.00312	1.98479
6.00815	1.93947
6.01994	1.85831
6.08908	1.9929
5.86615	1.8079
5.55525	1.82657
4.59269	2.02849
5.10271	1.7043
4.5464	1.76152
4.44813	1.69052
4.36184	1.92633
4.18817	1.81622
4.29513	1.71842
4.26799	1.46098
3.89922	1.49126
3.73448	1.25628
3.59909	1.34785
3.55301	1.19979
2.38388	0.0060261
2.81545	0.316232
2.91966	0.621969
2.76136	0.404066
3.40574	1.28088
4.11004	1.78131
4.90043	2.20913
4.97493	2.16356
5.38174	2.16799
5.47957	2.15366
5.54685	1.73776
4.97309	1.83405
5.15224	1.77031
5.46896	1.68621
5.96625	1.07249
5.50387	1.67756
6.09089	1.85777
6.34308	2.02684
6.66111	2.04785
6.76747	2.11251
6.76031	1.82026
6.63507	1.3655
6.21416	1.86187
5.6256	2.11725
5.29485	1.77407
4.78881	1.56964
3.82211	1.5791
3.89428	1.264
3.68349	0.66571
3.99658	0.253908
4.61745	0.25644
5.91908	0.662268
6.17155	0.87574
6.27759	1.06455
6.40558	1.36123
6.45366	1.66454
6.74088	1.60946
6.62743	1.59036
6.03034	1.64581
5.14926	1.81468
5.11208	0.376211
5.02801	-0.149428
5.16679	-0.534444
5.14399	-0.297289
5.20575	-0.426678
5.12753	0.274532
5.15981	1.45057
5.32756	1.58063
4.7324	1.81112
4.29528	1.68299
3.80025	1.67547
3.71686	1.65223
3.51876	1.59761
3.47355	1.52879
4.95985	1.42036
5.41922	1.56552
6.0398	1.98925
6.29173	1.9882
6.64649	1.91596
6.7453	1.88334
6.41342	2.02189
5.55278	1.89986
5.51752	1.76864
5.66852	2.25476
4.97739	2.3672
3.70366	1.99251
3.63142	1.71671
3.49711	1.55085
3.34658	1.44945
3.3652	0.921412
3.15046	0.975195
3.46252	0.910764
3.23719	1.25163
3.45075	1.41691
4.05481	1.74997
4.26898	1.9916
5.00377	1.82381
5.281	1.99694
5.56618	1.88767
4.8612	1.33163
3.60079	1.56594
3.40212	1.52361
3.32714	1.0671
5.22161	0.438667
5.18315	0.203054
5.03448	-0.065356
4.25671	0.741378
3.75443	1.14777
6.07284	1.76781
6.24989	1.91269
6.67767	1.55319
6.49539	1.80862
6.51877	1.65262
6.19085	1.79852
5.77723	1.89655
5.14782	2.04251
4.85838	1.92442
4.69619	1.812
4.44413	2.00182
4.32547	1.8579
3.78436	1.78239
4.03767	0.927817
4.61919	0.198437
4.43857	-0.0740641
4.66358	-0.0162388
4.79964	-0.392553
4.84031	-0.101075
4.4793	0.39032
5.50783	1.57899
5.90879	1.57832
6.28329	1.51126
6.3572	1.48092
6.08891	1.88531
6.15243	2.01791
6.24163	2.16574
6.39282	1.97272
6.45059	1.81278
6.27708	1.9574
6.44963	1.7043
6.62013	1.57547
6.86586	1.28906
6.92676	1.12727
6.85439	0.838421
6.69665	0.563112
6.25242	0.511926
5.59003	0.840988
4.68171	2.01226
4.69737	2.03775
4.63956	1.97311
4.61635	2.01865
4.24518	1.95235
3.607	1.62133
3.29871	1.45761
3.27775	1.29146
3.17742	1.13538
5.17382	0.134457
5.59291	0.320206
4.53336	1.10838
6.71542	1.52217
6.50084	1.60658
6.6084	1.66489
6.60444	1.92646
6.55669	2.11814
6.31555	2.10011
5.38975	1.52818
5.77329	1.73106
6.08506	1.90961
5.73691	2.08878
5.04819	2.15643
4.40491	2.16364
4.45336	2.09811
4.54266	1.98826
4.91121	1.94488
5.43693	1.80875
5.92227	1.8176
6.13907	1.97556
6.22662	2.03265
6.38224	1.87643
6.38434	1.71444
6.23785	1.783
6.04557	1.80982
5.43819	2.14445
4.79962	1.9965
4.77228	1.84339
4.80368	1.96771
4.90376	1.81968
4.86474	1.84679
5.47242	1.0923
5.53297	0.903175
5.63418	0.609782
5.73594	0.445036
5.69818	0.387854
5.92992	0.283417
6.22449	0.306911
6.57553	0.441048
6.68217	0.788013
6.66469	0.960473
6.51468	1.34095
6.69219	1.53104
6.91195	1.59439
6.81067	1.81378
6.21755	2.15572
6.08143	1.82145
6.19236	1.78444
6.70489	1.20447
6.49487	1.81196
6.78155	1.45988
6.9775	1.40596
6.86186	1.34217
6.51963	1.50979
6.20318	1.54103
5.85182	1.70665
5.53448	1.75019
5.23206	1.91243
5.08625	1.97784
5.07141	1.93606
4.97176	2.08563
5.03184	2.11771
4.92358	1.79633
4.86283	1.85366
4.81222	1.73865
4.76877	1.70082
4.55851	1.80633
4.57811	1.60962
4.61703	1.35651
4.97148	0.674727
5.12208	0.522484
5.48501	0.349258
5.86471	0.293554
6.2461	0.367347
6.45797	0.533159
6.54768	0.701171
6.42086	0.974692
6.07696	1.33906
5.54856	1.63767
4.94877	1.57791
4.57462	1.0314
4.48312	0.349989
5.25253	-0.516062
5.11367	-0.590473
5.13273	-0.492112
4.98572	-0.722192
5.03651	-0.4267
4.81598	-0.334137
4.82988	-0.329666
4.81156	0.269746
4.63486	0.44743
4.15114	0.683147
3.83132	1.14819
4.2194	1.78644
5.02343	1.69472
4.56081	1.52979
4.38898	1.56109
4.13564	1.59388
4.30266	1.63783
4.0377	1.47467
4.38636	1.35484
5.05785	0.999484
5.42544	0.937989
5.7357	0.741476
6.02025	0.421893
6.25064	0.342977
6.43252	0.38707
6.55648	0.465046
6.67883	0.678862
6.52761	1.03617
6.65398	1.09538
6.49874	1.29782
6.3683	1.39348
6.26715	1.20505
5.95896	1.35143
4.35822	1.55576
3.55268	1.18754
3.35704	0.846318
3.32072	0.850687
3.27249	0.906358
5.36356	-0.348588
4.78261	0.676055
4.1111	0.360602
4.00121	0.3355
3.90337	0.420364
5.10696	1.00688
5.73373	0.60333
5.67695	0.727151
5.34215	0.615846
4.33673	0.649206
5.21336	0.939977
3.81316	0.260617
3.71295	0.608018
3.61113	0.316014
3.67051	0.570297
3.82605	0.558712
3.92219	1.14274
4.07407	1.04343
4.13442	0.694702
4.12644	1.07772
4.27685	1.53662
4.29758	1.88579
4.31586	1.81203
4.2714	1.96776
4.14885	1.67545
3.96463	1.91971
3.85984	1.67455
3.65874	1.61317
3.58136	1.20356
3.45434	1.22169
3.45601	1.19595
3.45443	1.15918
3.11268	1.06933
2.94988	0.80446
2.99519	0.464287
3.07277	0.625739
2.78036	0.754048
3.07919	0.698182
2.74289	0.512346
