-20.0657	-5.34533
-22.2342	-12.5427
-22.8086	-13.2514
-22.4924	-8.76561
-21.4354	-14.1333
-21.7007	-13.2764
-20.5364	-9.40372
-20.9224	-11.1627
-22.963	-12.4747
-22.3301	-10.3635
-21.0407	-11.3405
-18.0416	-4.4539
-7.04572	-15.5816
-5.43157	-15.2665
-7.10657	-15.1201
-7.02318	-15.5549
-6.75854	-12.7654
-7.60692	-10.8892
-8.62358	-10.4077
-7.26462	-9.71549
-7.88673	-9.04734
-8.43388	-8.81337
-9.00282	-9.33042
-8.69683	-9.83577
-9.52378	-9.07911
-9.63888	-8.78963
-9.95054	-7.53039
-9.86034	-9.23795
-14.0228	-13.4282
-16.1586	-15.1768
-16.2007	-12.4436
-17.1292	-12.8229
-15.4302	-12.8014
-17.2907	-11.56
-14.5993	-12.8489
-14.2613	-9.17361
-13.0994	-4.79283
-17.3836	-2.56437
-16.5025	-4.026
-18.099	-0.0325358
-18.7824	0.94731
-17.7463	1.36548
-17.5222	1.49762
-16.6329	0.515062
-14.153	-1.86825
-5.77071	-2.4669
-7.34605	-3.36378
-7.08198	-4.82007
-8.05592	-6.17183
-8.62611	-5.95321
-9.53715	-7.33064
-9.66777	-6.81387
-13.5931	-11.5831
-13.1553	-14.7016
-13.5908	-15.1436
-14.5655	-13.5217
-13.7372	-11.1049
-14.9014	-8.46322
-11.3674	-1.91396
-11.3428	0.827411
-11.8399	3.87872
-13.0314	1.85735
-12.2909	2.66765
-11.2414	-2.69707
-11.4952	-4.26343
-12.5515	-7.37088
-14.0525	-7.83589
-13.5973	-9.86776
-11.5731	-9.79793
-5.61429	-8.75395
-5.23651	-8.18952
-3.47116	-9.53427
-4.65996	-6.30812
-8.82065	-2.68019
-13.5749	-1.21889
-20.8988	-0.606579
-21.7459	-7.19445
-20.6941	0.0246876
-21.8075	-6.37078
-16.3793	-8.12104
-17.435	-5.32181
-7.53073	-8.25688
-7.82338	-11.1099
-16.527	-2.9014
-14.4893	-11.0855
-11.1589	-11.3786
-7.83305	-11.5258
-6.40799	-9.36342
-6.52997	-3.6388
-8.47903	-0.676934
-17.5344	-5.82635
-22.7697	-8.80515
-24.7888	-5.84841
-24.9703	-1.19255
-27.6164	-0.65556
-31.2755	-3.09717
-30.4139	-5.26832
-28.2468	0.999284
-23.2394	-3.73236
-21.2615	-3.80415
-21.3561	-8.47366
-24.8232	-7.2734
-19.7571	-8.30934
-18.501	-4.40192
-18.1612	-3.90218
-16.1245	-6.41891
-17.3886	-10.564
-16.152	-9.89332
-8.25011	-1.8667
-11.8415	-0.713689
-17.0929	-5.09262
-14.6163	-11.8408
-15.9941	-13.6052
-16.452	-13.0547
-14.2573	-13.1199
-14.7347	-15.1062
-16.4658	-14.7217
-14.088	-16.6862
-13.1812	-20.3043
-12.5339	-23.362
-11.9218	-25.3375
-12.2712	-22.9727
-7.97585	-22.0386
-7.26651	-12.7509
-6.3902	-7.37927
-7.9581	-9.11977
-9.78658	-11.0162
-10.8445	-9.38648
-11.1384	-5.11796
-21.6157	-1.94771
-14.1973	-3.87639
-13.123	-3.87733
-13.6247	-1.97974
-15.6377	-3.88261
-6.68503	-3.96903
-8.33365	-9.88953
-11.4067	-14.2023
-9.40709	-19.2307
-14.1009	-12.1362
-11.6571	-23.4997
-19.3167	-25.0325
-17.0629	-17.5404
-7.99849	-13.1804
-10.6203	-15.9009
-9.79996	-17.5956
-12.1754	-14.6739
-11.179	-10.5545
-13.5407	-9.12753
-13.5793	-9.60213
-17.5348	-13.705
-21.5895	-13.4099
-21.8887	-12.1951
-22.9617	-12.3023
-19.8688	-10.9776
-21.8158	-12.6997
-24.0318	-8.74641
-21.7207	-10.1623
-23.8547	-9.96199
-17.2194	-8.24333
-24.1549	-2.93762
-22.8011	-12.2011
-24.0208	-12.2443
-20.0266	-9.42802
-18.0157	-8.31618
-20.276	-8.85713
-22.6559	-8.5682
-23.6805	-9.90668
-22.2963	-12.506
-18.6914	0.128948
-13.4522	-12.7503
-12.5434	-9.32805
-14.0531	-6.78708
-13.5303	-14.11
-14.4263	-17.2842
-14.325	-16.4886
-16.4666	-16.4646
-15.346	-15.5778
-16.3017	-14.8989
-13.8007	-12.6097
-14.8725	-10.0176
-12.2579	-6.23512
-12.821	-3.44192
-12.1768	-2.75151
-12.3829	-0.115849
-13.5874	-0.653787
-15.1665	2.0275
-17.5834	-1.46179
-18.6301	-2.10091
-19.929	-7.46104
-19.3321	-10.2397
-16.0831	-14.7314
-13.0441	-15.3293
-12.5511	-15.1678
-11.5348	-14.2531
-11.0224	-18.2113
-8.83947	-18.43
-13.6875	-10.2967
-13.5333	-16.5179
-11.7028	-19.179
-14.1561	-13.7663
-13.8891	-20.9513
-17.0415	-17.876
-18.2911	-16.7266
-19.4152	-15.4515
-19.7122	-15.8342
-20.2616	-15.8317
-20.9861	-17.0438
-20.6181	-18.4019
-19.2521	-19.5054
-19.3574	-21.4161
-17.4458	-20.2622
-15.4697	-16.8571
-16.2413	-16.3587
-15.1299	-12.7314
-13.8628	-7.59604
-12.7587	-8.27034
-12.9595	-9.14961
-12.7971	-8.21389
-13.595	-8.81872
-14.7774	-14.2849
-15.8773	-13.579
-16.5166	-13.5575
-13.3988	-12.154
-12.9419	-7.30724
-9.72593	-9.33579
-9.38835	-8.41328
-6.10912	-8.82624
-6.48108	-8.88091
-7.347	-6.26078
-9.81679	-5.44723
-16.393	-6.84288
-16.165	-7.67255
-21.9714	-12.7844
-23.3923	-9.64696
-13.1535	-12.6316
-17.5532	-17.583
-11.7534	-20.6734
-6.0511	-17.4448
-8.4154	-8.87716
-9.75444	-9.95617
-8.20895	-4.32058
-23.8266	-13.3271
-14.5792	-4.76621
-9.52771	-11.7842
-13.6495	-14.0019
-14.5834	-15.0429
-11.399	-13.1946
-10.4405	-11.4565
-8.40503	-6.67596
-10.288	-4.17746
-15.7567	-8.77195
-23.713	-14.4808
-17.6934	-13.8543
-12.183	-6.16692
-11.0887	-15.1077
-11.9564	-16.1612
-9.49796	-10.3223
-13.1804	-1.13451
-21.4958	2.9975
-25.2597	-2.49423
-29.2252	-4.61189
-29.1279	-0.521862
-32.1172	-4.12834
-30.36	-0.710469
-26.037	-1.62493
-10.9451	-6.89629
-12.9854	-4.30966
-12.4698	-10.7384
-14.7334	-7.31248
-8.78527	0.0272764
-13.9678	2.89492
-24.3946	-3.20126
-23.2116	-7.27946
-21.8252	-7.90224
-21.3844	-10.1984
-21.5242	-9.30587
-21.0266	-9.11527
-18.6911	-6.61463
-18.3741	-8.44469
-11.3748	-18.1693
-10.7808	-20.1511
-10.0183	-17.5357
-12.2988	-10.0506
-8.81272	-9.51016
-9.39645	-10.2974
-8.49563	-5.5263
-9.20349	-3.34123
-11.9595	-1.40335
-8.00797	-8.14826
-6.02253	-8.48655
-6.43353	-5.3488
-6.5408	-5.01643
-6.41391	-4.91723
-6.90561	-4.33351
-7.45564	-3.37357
-9.83218	-5.58363
-17.3467	-10.0358
-21.2107	-18.1587
-24.1016	-16.0023
-14.7177	-11.3851
-8.27217	-14.5295
-9.45937	-17.0697
-9.47244	-17.3275
-8.91993	-13.1016
-9.7268	-9.61914
-9.15356	-9.14268
-10.8303	-4.78054
-11.5544	-5.22698
-16.6334	-9.3875
-15.4986	-10.9835
-19.4739	-13.992
-18.6204	-16.7585
-15.2408	-5.4769
-14.773	-18.4508
-13.0415	-22.0537
-15.2192	-19.736
-16.6	-21.6471
-17.718	-21.0134
-15.3	-19.5636
-14.4136	-20.3325
-10.8513	-11.8943
-9.85872	-8.63644
-7.97607	-9.15374
-5.98492	-8.48802
-5.87211	-9.29095
-6.56271	-10.5573
-7.91986	-5.02394
-9.75462	-8.09732
-12.6528	-5.99179
-11.1222	-0.519144
-9.97946	-3.90921
-7.87344	-3.69548
-22.1088	-6.40346
-23.669	-11.6244
-20.4545	-11.7174
-24.1219	-8.30052
-23.9755	-10.5146
-22.9516	-14.2199
-18.3156	-11.076
-20.6859	-11.0711
-21.418	-7.99255
-18.1089	-6.90549
-14.5195	-8.12968
-12.5825	-5.8406
-10.1247	-4.76852
-12.5802	1.09843
-15.2065	0.985172
-19.2036	0.542331
-24.336	-7.94463
-26.3185	-7.9332
-29.1942	-6.27695
-26.1642	-3.03576
-24.4542	-6.91648
-21.7873	-6.28998
-25.7304	-6.02905
-23.3308	-10.7358
-11.406	-13.7489
-11.9845	-20.5511
-13.2214	-22.8361
-12.7287	-22.4387
-9.18901	-20.0307
-8.95213	-6.88698
-18.3372	-1.23242
-24.0115	-4.71902
-27.5106	-3.0514
-26.4751	-4.35833
-21.3508	-3.18819
-9.96133	-5.63084
-12.6552	-7.87165
-14.5393	-6.78415
-13.0959	-8.48625
-12.9361	-9.70167
-11.7277	-12.1827
-11.275	-10.2992
-9.4912	-12.6524
-8.19388	-11.8153
-13.0298	-19.0721
-13.2799	-21.3337
-12.8768	-20.8362
-11.6048	-19.7111
-7.46688	-15.4419
-6.83144	-13.7976
-12.2873	-8.14095
-12.2197	-7.53799
-14.8084	-22.2332
-8.60053	-8.98595
-5.80547	-14.6692
-5.99375	-16.8888
-6.95546	-16.3547
-5.89677	-14.7506
-5.53297	-13.7099
-5.09348	-8.01503
-6.39506	-9.69054
-17.4396	-1.51407
-24.2484	-8.77687
-29.2912	-12.6174
-28.8404	-9.24604
-29.4126	-6.9964
-21.1739	-5.80609
-23.2191	-7.83627
-15.4464	-0.575652
-13.643	-2.45043
-14.4187	-5.18812
-12.5327	-4.73247
-11.6251	-8.41969
-8.94674	-7.33965
-5.73475	-11.8504
-5.48502	-12.3087
-3.64523	-12.1118
-4.966	-12.4979
-5.61362	-12.5351
-7.82408	-12.9632
-10.5739	-13.7197
-11.9387	-9.62209
-10.8713	-4.81773
-19.4609	-2.36171
-13.3147	-3.87118
-10.5096	-19.1739
-13.8646	-21.6168
-16.7204	-18.0078
-17.1854	-17.4284
-17.8816	-17.4784
-16.3873	-12.563
-16.5466	-8.55229
-16.6817	-3.01858
-15.3519	3.16033
-16.0699	5.44179
-15.4569	8.0901
-12.1363	4.04165
-11.4002	1.32079
-9.0728	1.07877
-9.77031	-1.60755
-10.4409	-0.525483
-9.06022	-4.4909
-10.1611	-4.27736
-12.1415	-0.707669
-21.369	0.977942
-29.6858	-10.2104
-27.6176	-2.21947
-31.489	-6.9579
-33.2958	-8.2337
-31.307	-5.33488
-28.7734	-7.18816
-24.3711	-6.16033
-17.686	-7.76849
-12.8339	-7.76545
-11.9263	-19.5623
-15.5744	-20.6612
-18.0931	-20.5264
-16.5813	-21.7905
-12.2694	-21.0953
-9.52928	-14.8662
-11.169	-22.0625
-9.93836	-23.4405
-8.77608	-20.3106
-7.12336	-13.86
-7.17771	-9.75554
-9.92786	-3.62194
-10.9835	-5.25765
-13.8773	-5.82648
-16.8955	-6.76541
-20.4766	-7.18016
-19.38	-9.09555
-19.5941	-9.80096
-21.3886	-9.90646
-19.6035	-10.4073
-23.9376	-12.2518
-17.6321	-8.83713
-20.795	-11.4201
-24.7581	-12.5278
-22.2236	-14.4331
-21.0389	-12.264
-21.1753	-8.86411
-20.2642	-14.3243
-12.3527	-3.22118
-3.57918	-3.61047
-6.02042	-0.241126
-4.94861	-4.87074
-5.10669	-3.09662
-11.7751	-1.85795
-11.707	0.536736
-10.8909	4.66639
-11.1447	1.63986
-10.227	2.36103
-10.1297	0.431471
-13.1924	4.709
-17.4961	1.2427
-22.5408	-2.26593
-27.6148	-7.06554
-26.631	-7.49996
-27.2273	-7.25789
-27.4775	-8.04658
-28.2242	-9.86483
-18.8026	-10.5055
-13.5612	-7.26408
-12.5521	-11.5948
-14.1631	-13.7674
-14.8676	-12.9481
-15.3736	-12.3889
-14.5778	-11.8626
-12.0663	-9.63459
-7.85744	-10.8435
-7.51468	-10.585
-7.9637	-9.35521
-7.17004	-10.4166
-6.46409	-9.22982
-7.79237	-7.01602
-5.33291	-8.4073
-6.30803	-7.04414
-9.5126	-0.0666748
-7.49836	-0.300821
-22.7833	-5.35461
-18.393	7.0654
-13.7228	-1.81629
-11.4424	0.398327
-18.357	-1.45635
-18.387	-5.75265
-12.7965	-9.10126
-17.3498	-16.3978
-18.818	-20.83
-16.6854	-20.7195
-17.0244	-24.4327
-11.7599	-23.2101
-10.1656	-20.6411
-14.7014	-5.2447
-22.4618	-5.35757
-30.0271	-5.855
-29.971	-13.2129
-26.8378	-5.62166
-31.13	-7.21391
-12.0674	-2.94285
-18.5191	-4.08687
-19.1606	-0.825458
-17.3526	1.65605
-12.5088	3.34261
-9.53148	-4.37394
-13.6064	-6.83444
-19.9213	-6.61676
-21.8821	-9.74778
-20.5189	-13.3212
-14.9316	-14.3352
-14.7982	-20.8989
-13.0684	-22.4117
-13.6634	-22.053
-10.6603	-12.0841
-10.7642	-12.8189
-10.4249	-10.0222
-9.33615	-11.3175
-9.13044	-8.6897
-10.1106	-9.66444
-8.32959	-10.0778
-7.50619	-12.6561
-7.14536	-12.2716
-6.83378	-12.7023
-7.94457	-11.8531
-7.37229	-10.8278
-7.68392	-4.71531
-7.52118	-1.83632
-5.36666	-2.89336
-5.2528	-1.69704
-5.74198	-3.92118
-4.92595	-2.25583
-8.02447	-1.15077
-10.5487	-4.99877
-13.4519	-4.17928
-34.0131	-8.94881
-23.4352	-7.03723
-21.5516	-6.98341
-18.3425	-0.167853
-12.1644	-0.675686
-14.3718	-5.37137
-13.3304	-12.5136
-13.7965	-8.22268
-14.492	-6.78767
-12.4137	-0.789247
-12.5164	-4.72718
-16.8548	-8.30673
-19.3237	-9.83217
-18.7725	-8.2525
-19.6187	-14.4112
-17.4034	-7.79835
-25.8401	-14.2639
-16.9591	-13.9486
-13.8459	-12.0714
-13.6824	-18.9244
-15.2491	-19.085
-12.9907	-20.4858
-8.40034	-21.321
-7.93918	-10.2698
-17.3235	-5.10055
-25.654	-10.6254
-24.8957	-9.3045
-22.598	-10.078
-24.3935	-9.48421
-22.5253	-10.5639
-24.4656	-6.4452
-24.1426	-9.00506
-23.9572	-1.3662
-24.669	-1.83487
-21.3307	-6.74589
-11.1408	-10.06
-11.2836	-6.98849
-18.2906	-4.96281
-7.12064	-14.3696
-7.37632	-17.0026
-4.05311	-16.1688
-6.09396	-14.876
-4.5439	-15.3109
-3.31713	-13.969
-4.63948	-14.9251
-6.19592	-15.215
-8.28112	-17.9766
-10.7854	-21.9814
-13.647	-22.4214
-14.4124	-22.3117
-12.6067	-18.0464
-11.694	-22.516
-10.6559	-21.3778
-12.0026	-22.8122
-12.0236	-20.0976
-11.0093	-18.2411
-9.64763	-19.5953
-7.74778	-16.1239
-12.6621	-10.8931
-18.4456	-15.3062
-18.1324	-12.767
-16.9828	-14.1783
-21.663	-13.3524
-19.3624	-14.4614
-24.0636	-10.2246
-23.8782	-13.651
-27.4172	-8.45503
-29.286	-6.61052
-26.0353	-12.0301
-27.4099	-11.0575
-24.5616	-12.6145
-28.66	-11.0757
-27.9301	-7.86941
-24.5021	-10.1405
-21.1125	-4.11424
-24.2143	-8.61532
-24.78	-8.45051
-21.5857	-14.5962
-21.4665	-10.0195
-24.1363	-13.9961
-23.3559	-8.75152
-20.6513	-11.9454
-21.6877	-8.04019
-22.0049	-13.0762
-21.6243	-13.1218
-20.7209	-12.9336
-21.9677	-12.7961
-16.7186	-7.58876
-21.5707	-13.4452
-21.9305	-11.7346
-22.1723	-10.7318
-22.4987	-12.2159
-21.9342	-9.77334
-22.1575	-13.1941
-23.9388	-12.8196
-19.168	-11.2333
-9.336	-2.78904
-4.00081	-2.23259
-3.76121	-3.70261
-17.5365	-6.71016
-11.0188	-12.3017
-10.4514	-13.143
-11.1182	-14.1731
-9.77436	-13.2328
-9.21157	-10.5628
-7.83839	-8.31023
-10.7113	-6.68105
-14.2935	-1.79111
-19.161	-4.34064
-19.9357	-5.8582
-20.4308	-4.59879
-20.4294	-6.45005
-20.5103	-7.23091
-12.6809	-0.702626
-8.4893	-12.8006
-9.37624	-16.2137
-11.0968	-20.2357
-11.8156	-19.6471
-14.0585	-22.2501
-11.7729	-19.0561
-10.0878	-20.5008
-7.90426	-14.5475
-6.73085	-12.415
-7.88169	-8.10618
-5.1552	-8.32018
-3.53153	-8.40653
-4.87084	-4.9563
-7.7715	0.205705
-16.4927	3.15777
-14.7052	3.65974
-12.3111	-5.17006
-8.86334	-9.47977
-9.31413	-11.0905
-9.29504	-12.5548
-8.47518	-12.6992
-9.62974	-13.1643
-8.00897	-7.95253
-8.24439	-6.15328
-16.7958	-4.57279
-23.2627	-9.28736
-27.1598	-11.8181
-27.2843	-6.89009
-29.5943	-6.11448
-26.2928	-3.55856
-23.8572	-2.85366
-27.4151	-4.37842
-19.8428	-5.41734
-21.684	-9.14316
-21.7759	-10.0395
-14.8241	-7.43445
-13.3033	-14.1886
-16.4805	-7.06562
-17.7697	-6.41397
-16.2627	-10.7614
-15.0225	-13.617
-15.8598	-11.7128
-13.6257	-9.953
-12.2796	-8.61914
-10.4008	-6.94873
-11.1646	-3.94407
-9.7915	-3.51167
-10.4118	-1.73815
-11.9759	-0.191049
-10.0496	-1.91335
-10.9053	-3.32726
-10.5885	-2.95569
-9.39247	-7.62561
-6.78707	-14.8787
-8.77102	-15.2438
-9.06696	-19.4467
-8.66864	-20.7765
-9.86756	-25.0233
-9.79543	-26.7506
-6.18674	-22.7215
-3.2084	-20.3185
-4.58992	-17.1743
-6.15482	-14.53
-4.40987	-14.9857
-5.40214	-13.6377
-5.11264	-12.5579
-3.13242	-17.8656
-9.09365	-20.83
-11.9768	-20.9979
-13.0142	-22.7378
-13.5144	-17.7169
-12.5646	-13.5984
-6.70041	-10.3714
-6.87875	-9.10547
-4.79238	-12.278
-8.38195	-7.62935
-7.32886	-10.0313
-9.53539	-9.61146
-11.5968	-12.749
-13.7123	-15.5161
-14.7174	-15.6807
-12.2673	-12.4465
-11.1261	-13.9749
-9.29932	-18.1111
-11.1967	-17.478
-13.0737	-14.7452
-13.9752	-15.0975
-15.9351	-17.1501
-15.7812	-16.6388
-20.0376	-9.88704
-19.3947	-11.744
-19.7633	-13.4595
-22.6094	-12.5205
-20.8844	-10.6621
-23.3551	-13.0622
-23.3599	-10.1488
-24.6088	-11.1742
-21.5353	-9.8049
-22.7701	-13.9598
-23.9833	-13.1287
-20.5147	-7.64017
-24.0312	-13.5581
-21.0663	-10.5858
-23.2607	-11.8222
-23.1337	-12.126
-23.2457	-10.2271
-23.0427	-9.16974
-22.6185	-11.0697
-23.8973	-9.38513
-18.7883	-7.27657
-26.0241	-4.69377
-25.32	-11.5311
-21.2641	-7.88053
-8.28789	-10.7969
-6.62361	-11.245
-6.93121	-14.1776
-6.60464	-14.2459
-8.29763	-15.8866
-7.80281	-15.4482
-8.64801	-15.8086
-9.53998	-12.9158
-10.1068	-7.02672
-10.5758	-5.24511
-9.74346	-5.78505
-9.76484	-5.76003
-8.69289	-6.10571
-8.16831	-6.02969
-9.65498	-5.1134
-14.2462	-14.9374
-16.8145	-14.9593
-15.7331	-5.00101
-15.6118	-14.6186
-19.3897	-17.3406
-19.1892	-17.8841
-17.955	-19.7715
-18.2531	-21.2295
-18.8553	-22.242
-18.122	-22.1548
-15.2192	-19.7158
-12.4803	-17.4557
-8.31294	-10.5202
-8.51443	-9.20209
-13.6613	-14.6484
-17.8078	-14.4662
-18.018	-15.1637
-21.7195	-15.3683
-21.2396	-18.2308
-23.9202	-16.2929
-14.355	-7.43926
-11.6016	-18.4803
-14.802	-14.0123
-13.3869	-9.85815
-14.4949	-17.7224
-14.6998	-19.8926
-15.8408	-21.175
-14.1756	-21.8895
-19.2113	-22.2243
-14.1302	-26.5147
-11.534	-23.4846
-10.2144	-18.5951
-10.1629	-18.6031
-8.47471	-16.1893
-10.1365	-10.2322
-18.1559	-15.7917
-17.1419	-13.7565
-19.0789	-15.5078
-19.0692	-15.3595
-24.2774	-13.3054
-23.5491	-14.4854
-23.5569	-5.93918
-24.035	-6.22498
-14.8845	1.53636
-15.9791	3.70914
-10.7425	-1.17956
-12.2477	-2.3183
-13.0614	-3.26563
-15.3763	-5.11567
-15.7237	-4.42603
-14.6478	-6.46015
-12.9531	-9.04953
-13.3478	-10.7638
-11.7448	-16.8349
-11.6872	-18.663
-10.9533	-14.4044
-8.56212	-12.7759
-8.41584	-8.91462
-13.4964	-5.36503
-20.8003	-7.22778
-26.2226	-10.0235
-27.4755	-9.10393
-27.7615	-9.55775
-27.2193	-6.55301
-26.8998	-9.97616
-25.9593	-11.1813
-20.2181	-10.6026
-11.2336	-8.04189
-13.4204	-15.1512
-15.3181	-12.781
-14.0569	-16.2979
-13.3642	-16.8886
-12.4934	-12.2662
-13.9244	-6.25096
-13.7357	-4.90511
-7.49229	-11.9445
-5.69537	-10.0504
-13.6086	-6.90363
-17.2083	-10.1883
-19.5256	-11.2243
-20.7277	-12.4984
-20.8988	-10.009
-23.5185	-15.1638
-22.2566	-12.6201
-23.2085	-18.1815
-13.842	-10.5708
-11.8931	-13.6543
-12.1206	-19.6807
-13.4807	-24.2484
-14.2612	-20.7217
-12.8329	-21.3884
-13.0816	-23.3894
-14.3093	-22.3802
-13.425	-16.6358
-12.5005	-8.91974
-10.337	-1.74283
-14.2733	0.734523
-13.437	-6.10857
-13.6244	-5.619
-14.1341	-1.04141
-10.8484	1.71251
-13.0275	0.959088
-10.2371	3.8891
-11.0823	3.02239
-9.84132	4.25084
-9.49579	3.22321
-12.6844	-3.69234
-18.1999	-8.40386
-20.211	-10.3176
-22.0445	-8.42349
-23.6609	-13.1826
-21.0929	-8.95043
-23.9276	-12.3644
-22.1871	-10.2459
-21.4636	-10.0291
-20.9423	-12.5534
-22.9085	-16.777
-21.1086	-15.1697
-18.8748	-12.8533
-21.3603	-8.41725
-18.9826	-14.1558
-18.4605	-6.99098
-24.359	-13.2402
-22.0627	-11.9657
-21.0702	-13.6983
-21.5592	-9.09423
-22.1448	-11.8641
-23.8758	-11.829
-21.2317	-12.9843
-22.1939	-9.73862
-16.9807	-7.57202
-21.7882	-7.44001
-21.6683	-12.006
-23.0791	-11.4872
-22.643	-11.9362
-22.7158	-10.7514
-19.3856	-7.98333
-12.1105	-9.10631
-11.5417	-9.50481
-18.8796	-11.5733
-19.7696	-10.1516
-17.8339	-18.2234
-20.4315	-17.9502
-19.1641	-11.644
-15.4685	-9.98847
-12.1721	-9.56773
-12.5965	-6.28166
-14.3518	-7.634
-18.4709	-12.6766
-20.076	-13.8801
-25.0808	-15.426
-10.0219	-1.48498
-14.2777	-6.73506
-12.949	-7.22342
-13.3609	-7.92718
-10.0504	-8.60902
-7.71195	-7.13858
-7.57466	-5.4531
-10.4873	-3.12652
-18.5957	-4.98691
-20.9602	-10.7879
-19.2147	-7.14683
-11.2063	-11.8109
-13.5027	-11.9042
-12.7298	-12.0848
-11.867	-10.5536
-11.4394	-9.80538
-9.668	-6.6865
-9.8239	-2.33485
-11.992	2.226
-15.9272	4.32829
-13.3547	-0.250886
-19.1804	-7.5835
-17.6414	1.26015
-9.27002	0.234596
-7.03623	-4.29533
-6.24594	-4.45155
-5.51342	-5.39106
-6.75649	-4.83261
-6.63627	-5.74489
-5.01449	-8.09979
-5.75526	-6.6892
-5.14226	-7.08942
-5.15593	-7.82419
-3.668	-7.62151
-3.13829	-7.88838
-4.43656	-2.36298
-6.60723	-1.41342
-18.4752	-1.70208
-20.8762	0.00436617
-23.9201	-5.79784
-26.4612	-1.44887
-28.3869	-4.60315
-25.2277	-8.76056
-25.7999	-2.59441
-15.2184	1.86839
-13.4416	0.423341
-11.5742	0.866256
-12.9613	-0.334397
-13.3719	1.72877
-14.2947	0.912836
-13.3715	0.950926
-14.0839	-0.97953
-13.5965	-0.900059
-14.9228	-5.65757
-15.1519	-6.96869
-17.1444	-8.59328
-18.2139	-9.62891
-16.9623	-11.2665
-17.7512	-12.5414
-15.0658	-11.6232
-13.5346	-11.9114
-10.322	-7.25569
-10.3432	-8.41578
-10.5722	-7.48126
-10.0902	-9.06815
-9.52545	-9.15277
-10.6468	-8.7244
-9.48333	-10.3692
-10.3165	-9.40783
-9.32364	-11.3353
-15.0435	-10.5965
-12.5294	-14.7841
-11.216	-12.1865
-9.52439	-13.3303
-7.59864	-8.87867
-5.79515	-6.38948
-11.2499	-3.32537
-13.9723	-0.0218625
-15.6188	2.34505
-16.1192	0.974519
-10.9705	0.885836
-11.1972	-6.33421
-11.9777	-4.90654
-13.853	-4.69693
-13.269	-5.19559
-12.1762	-9.15816
-12.9076	-2.23961
-14.6294	-1.19019
-13.3697	-10.3875
-12.1711	-14.4756
-12.3359	-14.9393
-10.6717	-16.4031
-9.8529	-17.8765
-10.1283	-18.0213
-9.66281	-16.0378
-10.0945	-18.3499
-9.09288	-15.8674
-10.2824	-15.7551
-10.659	-16.1668
-11.6925	-18.0019
-13.5226	-18.467
-14.8116	-18.4603
-14.1582	-18.759
-14.0148	-19.8414
-11.3419	-18.6037
-11.0372	-19.7109
-7.48867	-15.1881
-7.86908	-11.0263
-15.3415	-0.0877292
-19.6828	-0.977137
-23.2362	-3.83818
-27.0891	-4.82792
-25.9946	-6.67778
-24.9891	-5.49837
-22.99	-8.1133
-11.6857	-5.86854
-5.92179	-14.5911
-9.06506	-14.0606
-8.4394	-12.854
-7.97938	-13.3358
-7.84377	-9.40968
-8.1544	-7.86818
-7.81069	-7.50557
-8.77481	-4.27768
-9.42555	-1.94209
-10.5216	-4.23257
-19.0333	-8.48931
-18.9581	-10.7027
-22.7233	-14.0746
-23.2305	-14.9263
-14.3902	-0.917037
-12.4892	-3.90887
-10.5287	-7.00881
-7.77107	-6.77161
-6.83629	-8.73607
-6.32688	-8.18527
-5.45421	-7.46139
-5.45495	-7.00944
-4.43283	-4.50801
-10.3252	-1.12398
-20.0845	2.53589
-21.4865	-3.95192
-25.3198	-6.7324
-24.0583	-6.7697
-27.2972	-7.28209
-24.2463	-7.1653
-22.6714	-12.0152
-20.9784	-12.0656
-22.5965	-12.0793
-18.5838	-10.7094
-12.2403	-12.7248
-18.2492	3.60043
-25.428	1.72851
-13.8184	5.13834
-14.5881	-10.4915
-13.7422	-11.5117
-12.319	-8.91719
-14.6873	-3.92614
-19.6007	-1.46231
-21.7876	-6.82275
-28.6525	-9.80301
-27.0523	-9.03375
-25.4145	-9.23398
-22.549	-14.1668
-21.2379	-18.6389
-19.2144	-19.8144
-20.265	-15.8324
-11.6954	-12.9164
-15.1486	-20.5598
-11.1296	-14.8313
-15.8153	-19.5017
-12.0219	-23.9181
-14.8564	-13.7768
-13.2636	-5.79758
-9.94377	-17.6861
-11.9314	-12.3246
-6.5379	-6.31678
-10.7773	-9.12039
-5.17376	-4.92018
-8.82728	-4.5798
-6.46101	-7.30782
-5.1698	-8.59248
-6.82683	-6.04257
-6.95374	-3.08251
-10.8123	-4.54728
-9.6687	4.06857
-15.6618	-3.99888
-23.48	-12.6954
-26.3232	-2.11728
-28.951	-5.11827
-27.5186	-3.10189
-28.2834	-4.82675
-27.9387	-6.249
-25.6429	-4.8657
-28.3883	-3.64825
-24.6219	-6.68296
-26.1385	-11.7159
-22.0324	-10.7744
-21.0058	-10.861
-21.6375	-13.1451
-23.3637	-12.5652
-22.4	-10.6023
-22.2813	-10.7346
-23.4671	-12.2806
-21.9155	-10.6599
-23.9317	-10.3304
-21.0467	-6.57662
-22.1093	-11.962
-21.7546	-14.481
-21.498	-9.67938
-20.0384	-12.1513
-19.5775	-12.9108
-21.2285	-7.89182
-22.2638	-10.7167
-19.24	-8.57672
-10.287	-5.44734
-11.6792	-3.0763
-13.4124	5.31602
-13.9071	7.90454
-13.825	9.00286
-15.1874	5.85915
-15.6851	7.09512
-16.8347	0.216395
-16.7837	-4.37852
-16.9091	-11.1515
-14.8014	-14.9093
-14.0098	-18.4573
-9.7107	-19.591
-9.84456	-9.72605
-9.17357	-9.12994
-9.55059	-9.73802
-9.95603	-9.91417
-11.2974	-10.0828
-7.53779	-22.6154
-10.3367	-19.9838
-10.4317	-19.9141
-9.30888	-18.1963
-9.09913	-16.8396
-6.15592	-12.0416
-5.1282	-6.27991
-6.96887	-6.91363
-11.1109	-11.7009
-14.3867	-14.3719
-27.1228	-7.05095
-28.8687	-16.7311
-19.5522	-8.81075
-8.71018	-8.34102
-12.9538	-13.4754
-12.1957	-11.9131
-12.6905	-11.6575
-9.86311	-8.16087
-7.55875	-7.26642
-11.5091	-5.50649
-13.8553	-8.53555
-23.3078	-9.22768
-23.8442	-12.5959
-18.2308	-15.0795
-14.2475	-13.8796
-13.5095	-21.7462
-15.3184	-18.3389
-16.1161	-19.4406
-15.4412	-17.7585
-14.2445	-16.3109
-16.442	-15.8288
-13.8019	-15.7226
-12.7149	-16.698
-8.98419	-12.3968
-8.77768	-10.3655
-9.00822	-9.71714
-9.57692	-10.8026
-10.0726	-8.73096
-10.9406	-9.90689
-10.4483	-9.22256
-10.8574	-10.6433
-10.839	-8.08967
-11.6475	-9.09672
-10.2213	-7.85975
-11.0485	-11.0519
-9.00486	-15.5253
-10.1984	-17.6902
-9.96508	-16.0316
-12.0938	-17.359
-10.452	-16.7102
-11.1609	-17.1732
-9.37025	-15.6165
-8.28366	-11.8679
-5.60667	-8.77258
-7.4767	-8.18668
-7.64829	-7.60436
-11.0604	-9.43382
-9.42823	-4.69078
-7.83212	-5.09368
-9.03664	-10.7186
-11.2394	-12.9075
-12.3529	-15.5049
-13.6916	-12.2876
-13.102	-11.7063
-14.6664	-13.5269
-16.5006	-16.6843
-14.0452	-17.8281
-13.5772	-19.2581
-8.49487	-19.9015
-8.84719	-19.3205
-12.3504	-19.7731
-12.5988	-19.286
-10.1085	-20.9773
-10.9951	-20.7255
-16.0569	-22.2742
-15.0968	-18.4337
-10.2837	-18.2853
-13.0767	-13.9604
-14.2063	-16.3764
-14.0183	-16.1197
-14.744	-17.4326
-15.6615	-20.4124
-14.7248	-17.0708
-11.3569	-20.9017
-10.6389	-20.5584
-7.94744	-13.1948
-8.69036	-8.33961
-7.07563	-6.90347
-5.51802	-7.21495
-4.92288	-5.98219
-5.2296	-4.92318
-6.33636	-0.163481
-9.92635	0.279762
-22.7032	-0.106462
-25.5493	-3.49673
-29.4839	-9.11345
-26.2661	-6.72709
-26.3179	-5.40063
-26.0808	-6.26007
-26.2808	-4.04691
-21.7399	-7.34311
-12.7009	0.520852
-12.3292	-5.14743
-15.365	-2.87588
-15.3369	-6.66231
-11.798	-11.4272
-11.2206	-12.6425
-12.8293	-14.3659
-6.80445	-7.63478
-12.5741	-4.03766
-20.0118	-7.56412
-22.8461	-9.76508
-27.7461	-10.6096
-29.8435	-11.8134
-26.488	-7.26349
-22.3775	-15.5384
-19.9065	-13.4636
-19.5632	-9.99696
-23.0256	-10.4393
-14.9876	-19.4033
-23.9625	-9.39612
-16.283	-7.61486
-6.12133	-17.1057
-8.11383	-18.4507
-11.8507	-19.9504
-12.4946	-24.4378
-13.1767	-25.236
-11.7344	-19.5789
-9.94982	-17.4349
-11.5189	-15.7258
-10.1601	-12.0709
-10.6487	-8.80696
-16.4585	-6.29783
-21.7083	-10.7595
-23.2787	-7.67993
-25.7437	-7.43964
-26.2804	-8.38787
-22.1613	-7.74629
-25.574	-9.95473
-18.7184	-3.11292
-10.6274	1.11265
-13.9283	-1.9993
-10.8947	0.6034
-8.75526	1.41909
-9.46694	0.479216
-17.3399	-9.64831
-18.6804	-10.0521
-20.8344	-13.0016
-20.2257	-9.44597
-22.9414	-11.4221
-21.3729	-10.5867
-18.258	-26.7321
-21.7185	-21.1011
-15.0529	-24.2552
-14.4797	-12.4894
-9.74682	-5.89717
-2.53771	-13.3093
-2.88044	-13.7523
-3.05908	-12.8004
-4.50872	-10.3272
-4.34739	-8.80686
-4.31316	-10.0039
-5.23986	-6.7418
-6.84137	-5.38036
-13.8736	-3.92831
-20.1995	-10.9049
-19.0636	-11.7387
-27.3325	-16.54
-23.0245	-8.10956
-18.7042	-5.84527
-17.5035	-4.47121
-13.8719	0.0618338
-9.24873	-11.3114
-6.74938	-14.0106
-11.4922	-17.1559
-13.8215	-22.3267
-14.6555	-19.1372
-7.06365	-20.0793
-7.07269	-19.4012
-5.79454	-19.2118
-5.68609	-13.885
-4.28415	-12.3368
-4.38852	-11.3908
-4.09581	-14.1077
-7.17109	-7.96111
-9.55094	-4.25115
-12.8636	-6.7403
-11.5196	-4.81957
-9.18049	-2.99456
-10.7115	-4.60067
-13.4368	-4.0903
-17.5432	-11.1204
-18.9875	-13.3402
-18.8946	-11.5516
-20.6311	-12.081
-20.7918	-10.9604
-21.9225	-12.0092
-22.1966	-12.4222
-23.3617	-14.8407
-23.8351	-10.7759
-21.7581	-10.6723
-21.8082	-11.6953
-21.7162	-10.0251
-22.276	-15.4827
-21.1588	-10.3904
-16.6021	-18.6828
-20.9598	-19.6466
-12.9391	-17.0964
-15.2489	-17.683
-15.274	-17.7211
-17.5811	-23.8442
-16.6209	-26.8216
-15.1789	-23.2776
-15.4884	-25.4155
-11.8377	-22.2028
-12.2876	-23.9791
-11.0525	-22.5153
-13.1157	-25.287
-14.4293	-24.3449
-17.5793	-21.9166
-19.5103	-22.4932
-17.6821	-20.7084
-18.7231	-22.1979
-14.5543	-19.3177
-12.3661	-20.5163
-7.54972	-7.5591
-7.83157	-7.895
-5.20127	-7.10219
-5.66327	-9.17452
-11.2432	-6.76314
-21.2328	-13.65
-24.7959	-6.79989
-21.1793	-4.23756
-24.0216	-6.11206
-22.8153	-7.22317
-11.973	-5.06665
-10.0615	-9.99305
-10.5265	-7.41528
-10.4318	-5.97879
-10.7057	-4.87579
-11.0128	-4.83173
-11.0981	-3.42703
-10.8967	-1.07335
-10.487	-3.93615
-10.9006	-2.40084
-9.94265	-4.63375
-9.6297	-3.87784
-8.95277	-2.17992
-12.1479	-3.39032
-11.3924	-4.60828
-10.2228	-10.9011
-12.1552	-13.7531
-13.0171	-13.3245
-15.0591	-12.4261
-15.6339	-10.5254
-15.7066	-9.99307
-15.968	-7.16502
-15.1502	-6.40168
-14.5458	-4.09296
-16.1902	-2.21559
-15.8127	-0.43726
-17.2993	-1.27288
-17.7025	-2.99568
-16.7058	-5.50329
-14.7315	-13.6141
-12.736	-16.6167
-13.2049	-17.0495
-13.088	-19.5463
-11.1847	-20.8808
-9.34443	-20.6545
-7.29599	-19.9998
-5.9752	-20.8223
-4.94882	-16.9736
-4.01915	-14.5625
-4.1043	-12.9192
-3.38867	-11.5427
-7.05485	-8.78524
-9.8847	-6.79729
-9.51214	-5.71448
-17.9806	-3.73866
-23.9563	-8.72862
-28.6451	-8.34102
-27.7945	-6.34756
-27.0226	-3.96091
-25.8516	-10.9048
-24.7989	-13.5086
-18.6791	-13.2258
-11.9748	-15.3596
-12.9756	-20.9839
-14.5509	-21.0716
-13.5204	-20.4152
-12.9255	-19.3192
-9.81848	-15.1623
-7.87327	-12.6288
-5.2822	-9.90695
-4.01224	-10.0582
-5.0037	-7.15282
-8.83989	-2.25299
-11.1353	-4.88446
-15.2562	-12.1161
-18.994	-13.0477
-15.984	-16.6205
-16.1071	-20.4268
-19.8106	-19.1263
-16.7961	-22.0597
-14.9174	-14.0504
-5.31657	-12.206
-8.71773	-11.5478
-8.37231	-12.0682
-10.3442	-13.4771
-12.4737	-11.3156
-10.9547	-11.3461
-12.9561	-10.8925
-13.5117	-8.60597
-12.2726	-14.0915
-14.1472	-16.4122
-15.0205	-16.9545
-16.2258	-15.0549
-13.0103	-9.1504
-10.2911	-9.73308
-13.2982	-12.6701
-12.625	-8.80764
-12.1663	-5.98067
-11.8476	-5.5367
-14.9075	-4.59128
-14.7839	-4.02345
-14.9543	-5.43355
-14.8475	-6.9039
-19.9613	-12.684
-20.7903	-12.5751
-19.4889	-15.3015
-19.6312	-12.2689
-20.3689	-11.8887
-22.1885	-10.3884
-20.245	-13.4359
-19.9562	-6.32071
-21.8615	-11.832
-21.4018	-11.7545
-21.6185	-11.5094
-21.544	-9.14711
-24.8431	-9.75409
-20.087	-9.3102
-21.4297	-12.1227
-21.9989	-11.6205
-17.5954	-7.17679
-6.3824	-5.35994
-9.86113	-5.40378
-8.31828	-7.39399
-9.90144	-10.21
-10.0286	-7.18764
-11.2202	-17.6945
-10.9548	-19.3056
-11.722	-21.3802
-10.0719	-17.5604
-10.5631	-17.402
-9.75396	-11.2048
-11.051	-9.44533
-10.9021	-7.95909
-11.3919	-6.94622
-12.5594	-3.06263
-11.7901	-3.81397
-10.5523	-1.70838
-10.1462	-6.04714
-10.0893	-3.85425
-12.0624	-5.39387
-15.8854	-0.592326
-22.1227	-2.01608
-22.4103	-8.79096
-22.6048	-11.4788
-14.8171	-10.8852
-8.87316	-11.7808
-6.88226	-14.6245
-6.69267	-12.36
-6.97769	-12.0761
-9.24377	-7.16682
-9.50211	-3.69861
-17.8405	-2.38377
-24.2247	-4.04138
-26.0976	-10.2036
-30.8932	-7.58907
-32.2853	-1.2992
-28.6614	-4.57645
-30.4511	-5.20078
-27.7379	-7.67721
-29.3364	-2.43747
-27.5922	-3.21286
-18.3732	1.0231
-13.6347	-7.58643
-13.5563	-9.04453
-14.6933	-11.5072
-13.4554	-14.1707
-14.5396	-15.299
-14.1565	-18.3024
-12.7615	-18.62
-13.274	-20.2014
-12.0078	-20.1886
-9.6848	-19.6005
-10.3202	-19.5413
-10.5164	-20.5835
-9.97987	-21.0582
-9.1461	-21.3916
-9.23961	-22.1509
-10.2481	-22.9539
-10.7156	-23.0821
-10.9317	-23.2648
-10.3821	-22.4656
-8.4667	-18.6035
-9.78378	-12.1677
-9.2964	-12.2298
-4.19911	-12.4237
-6.74754	-7.08175
-10.4574	-2.24587
-18.8483	2.36479
-24.7203	-5.25382
-24.4909	-2.66991
-28.406	-7.66641
-28.3447	-4.84848
-27.7167	-9.95432
-30.166	-13.6071
-25.9539	-10.214
-21.6019	-9.58891
-13.5776	-4.59402
-8.84036	-10.2466
-7.2482	-15.3503
-6.32606	-14.6082
-7.43165	-14.6171
-8.61207	-6.09782
-9.22196	-6.62004
-8.23226	-6.31905
-8.56829	-5.75629
-8.63537	-5.53169
-8.47879	-3.91394
-7.42975	-5.90706
-7.38911	-4.99088
-7.59989	-2.63232
-7.09007	-3.57798
-8.15893	-3.29743
-15.4891	-10.1763
-16.2724	-10.7837
-18.5265	-12.4671
-17.2999	-11.4825
-16.719	-12.9286
-15.2055	-11.7399
-13.3008	-8.33053
-8.96857	-4.92718
-7.56402	-0.963988
-11.6645	-5.40348
-12.0173	-4.26652
-22.7173	-6.69938
-24.2448	-12.539
-27.3465	-4.89721
-28.0791	-4.58817
-26.2186	-2.56578
-21.0514	-6.46617
-14.2829	-3.58924
-11.624	-13.1807
-11.0329	-16.5977
-12.6878	-17.8105
-12.8274	-19.6293
-14.4534	-18.3783
-10.1982	-13.3021
-5.74492	-7.19
-10.4316	-6.79257
-14.8782	-13.3743
-26.4728	-15.8624
-21.1678	-17.4204
-13.3176	-7.27507
-14.3127	-12.5282
-11.3276	-16.7278
-10.2891	-16.6881
-9.61026	-13.4254
-6.43527	-7.34503
-7.52721	-7.06043
-7.58774	-9.89394
-7.89399	-7.20965
-7.97013	-9.71406
-8.51285	-6.37933
-9.24215	-4.97145
-11.2746	-2.0486
-12.4069	0.068149
-12.6801	0.162845
-11.7071	-4.78269
-11.1747	-6.67344
-10.0825	-11.0318
-10.2703	-11.2463
-10.1953	-12.4247
-11.4824	-12.9163
-11.0871	-6.80067
-12.148	-6.42662
-11.4099	-7.00893
-12.0857	-7.70439
-11.4436	-10.6755
-12.2448	-19.0887
-12.6528	-19.4429
-14.7415	-20.8756
-15.0489	-21.0874
-12.5986	-21.8557
-12.2388	-21.9729
-9.64744	-12.395
-8.6557	-11.0621
-5.78587	-11.7167
-4.19499	-7.95981
-4.07216	-3.71167
-6.33908	-3.05048
-11.8094	-6.67972
-16.0064	-10.7972
-16.9445	-11.4237
-19.0392	-4.17485
-22.6436	-8.37552
-22.669	-2.57268
-24.9907	-6.84342
-13.324	-6.84814
-13.5046	-6.81598
-12.8541	-6.82042
-11.0388	-5.18622
-11.1175	-6.56488
-9.89219	-5.28484
-10.7812	-5.52734
-16.4267	-4.03238
-17.5181	-7.6134
-20.6234	0.423642
-25.0186	-4.57784
-26.4957	-5.03111
-24.3095	-4.39683
-19.4835	-1.65542
-9.54256	-4.71153
-10.3957	-21.2064
-9.24752	-20.2847
-11.9029	-22.9333
-11.1665	-21.3579
-10.2647	-24.1982
-9.93441	-21.3779
-7.29729	-13.1504
-9.79857	-6.42509
-20.2433	-5.94095
-25.5499	-7.14765
-30.1861	-7.26437
-32.4176	-9.45678
-33.7222	-5.7818
-30.3738	-6.4297
-29.5403	-9.46735
-26.0034	-11.8614
-19.307	-11.226
-13.1423	-13.657
-10.9251	-19.4026
-10.8206	-24.6593
-10.6412	-22.0422
-11.4094	-21.215
-9.27384	-16.8351
-9.25541	-15.265
-7.1102	-9.76556
-7.04363	-6.85442
-16.2112	-13.9384
-15.9736	-12.5486
-15.2625	-8.63573
-17.6025	-13.6846
-10.6879	-8.79959
-2.53669	-12.6601
-3.72878	-12.5057
-4.32654	-14.3602
-5.94641	-12.1354
-5.58895	-11.3725
-5.64304	-10.2302
-5.97014	-8.61497
-5.08457	-10.0536
-5.31897	-8.20014
-5.21309	-5.93058
-4.40979	-7.80666
-7.577	-10.1783
-10.7664	-9.03201
-11.3619	-11.8684
-13.179	-10.1505
-15.9419	-4.66422
-15.5894	-11.0309
-15.4811	-12.6858
-14.783	-11.182
-15.6083	-11.8531
-16.953	-13.5843
-16.4753	-12.9915
-10.0714	-6.69883
-8.52237	-10.1301
-10.2082	-9.04185
-11.6852	-10.6818
-9.71508	-9.16859
-9.02054	-10.1757
-9.25904	-5.91233
-9.65578	-6.89498
-12.4586	-5.65219
-21.2416	-5.89285
-23.5671	-5.20254
-25.3956	-3.50581
-28.5424	-8.07639
-25.7649	-4.74235
-26.0773	-7.59423
-27.1934	-3.71736
-27.6293	-5.38586
-28.5904	-3.73162
-17.659	-10.5365
-22.7525	-10.51
-22.506	-13.4545
-21.0729	-10.4948
-21.4561	-9.14077
-20.2877	-13.4016
-19.0741	-12.8912
-19.4021	-15.0127
-15.7638	-14.2366
-12.0489	-9.70365
-5.78039	-17.4528
-6.6354	-20.4082
-5.7028	-18.4355
-6.96777	-14.537
-7.27699	-8.52512
-7.50817	-8.53428
-7.81321	-8.52278
-8.16837	-9.40983
-6.49757	-23.8801
-9.81147	-24.6559
-11.7825	-21.9281
-13.4984	-23.5693
-10.6192	-23.7987
-11.8018	-23.1297
-7.57037	-23.0798
-8.00591	-20.434
-7.8731	-18.6919
-7.28472	-15.4293
-5.06079	-16.2682
-8.65617	-7.86663
-15.1237	-3.71474
-21.4996	-3.69945
-18.7995	-2.39224
-18.2268	-0.473341
-18.6518	-6.11683
-9.6681	-16.9066
-8.42679	-16.7097
-8.74153	-18.1068
-10.6705	-20.1241
-10.4438	-19.5833
-11.2157	-22.0921
-12.8512	-21.1694
-14.5709	-17.7232
-17.0457	-17.665
-17.9859	-13.3204
-17.2025	-8.628
-11.8281	-6.84742
-6.46509	-10.0577
-6.60205	-9.69154
-6.37456	-8.74325
-5.82248	-5.24173
-4.79197	-4.68901
-4.45649	-3.64822
-17.2413	-2.00446
-19.1955	-2.46301
-25.0529	-5.71437
-28.8689	-8.0723
-29.111	-3.72283
-28.8692	-1.95557
-22.9057	0.340315
-23.1708	0.477759
-23.3747	-8.00714
-20.5984	-7.36652
-25.2649	-11.1962
-20.812	-3.5789
-12.835	-2.31491
-13.3861	-4.29119
-14.6151	-5.04644
-14.4627	-5.93662
-18.5549	3.39662
-15.9805	-5.3313
-16.5161	-14.9356
-19.7667	-16.5591
-19.7913	-17.6182
-20.2216	-20.0058
-19.1342	-19.7904
-18.1082	-19.5476
-14.0537	-22.0864
-12.1105	-18.2919
-11.8655	-17.2881
-9.70735	-11.8659
-8.962	-6.34323
-12.5176	-7.35437
-18.1023	-16.4925
-15.1386	-13.0896
-20.7248	-16.4333
-21.9714	-16.4918
-15.5611	-11.9985
-12.537	-20.8119
-16.4407	-22.5734
-11.5006	-21.5042
-10.849	-15.8729
-8.05439	-12.2173
-6.82178	-12.5004
-11.3806	-8.36244
-17.5785	-15.3109
-18.174	-14.3727
-19.6965	-14.0002
-21.6434	-12.8099
-18.3565	-16.358
-9.69724	-18.4933
-14.5846	-20.3008
-14.791	-20.7548
-10.4499	-16.2912
-10.1936	-11.4013
-11.5323	-10.6813
-12.0456	-12.5305
-11.6217	-16.6002
-12.0789	-20.6712
-15.3105	-21.7746
-17.7261	-22.0032
-19.3182	-22.6991
-17.4412	-19.7056
-16.9109	-21.7119
-13.3654	-16.2673
-8.36378	-10.9532
-10.3238	-12.8642
-14.8914	-16.4788
-20.6346	-18.3996
-26.1152	-14.9529
-21.2831	-12.0764
-14.6067	-2.51386
-16.7743	0.836396
-16.0587	2.49573
-16.0143	2.5833
-9.75567	1.97501
-7.40008	-1.13827
-6.35791	-1.43378
-7.74851	-2.79788
-7.12821	-1.25977
-8.14542	-2.36817
-6.85526	-1.83554
-9.16208	-1.91565
-8.57938	-1.93871
-18.8799	-9.94522
-13.1769	-12.7836
-11.8099	-20.8618
-11.2299	-18.5783
-12.546	-21.3297
-8.61016	-20.1529
-6.74253	-15.0807
-7.0805	-8.84951
-11.2225	-8.71313
-15.3876	-14.5338
-15.8546	-9.96329
-20.7012	-11.1878
-21.4948	-11.6028
-21.9387	-13.8601
-20.9659	-15.9235
-14.7415	-15.1849
-11.9877	-6.63162
-3.71107	-16.5044
-5.36738	-14.803
-7.00473	-6.73137
-8.35188	-5.62897
-7.2544	-6.82517
-8.45155	-7.77987
-10.0519	-5.34734
-8.43037	-7.59814
-9.27499	-7.15507
-8.13107	-7.4716
-8.24587	-7.35689
-9.22219	-5.55395
-12.505	-16.3471
-14.4078	-18.0394
-12.6866	-19.365
-12.7022	-23.1316
-12.8713	-19.4623
-14.2142	-19.2844
-15.7733	-17.3583
-14.0434	-8.68241
-15.3335	-11.9686
-15.0351	-14.0023
-14.8484	-14.82
-15.3896	-15.8612
-11.7687	-15.311
-10.373	-18.2086
-8.2595	-12.9596
-6.59323	-7.39169
-13.6988	-3.41982
-24.4539	-2.0165
-24.8955	-5.07925
-27.2442	-6.21106
-27.3029	-10.7248
-29.1407	-11.8298
-22.6499	-10.5195
-10.3241	-12.2526
-9.79694	-17.8689
-10.595	-19.3012
-12.4848	-19.8297
-11.7442	-22.29
-12.1513	-17.408
-7.60068	-5.63439
-19.3957	-3.83128
-17.5786	-2.33569
-10.8647	-5.97718
-11.587	-11.692
-11.8727	-19.8374
-16.0175	-20.3886
-16.5103	-22.806
-15.4215	-20.538
-15.6426	-23.87
-16.687	-22.754
-16.0635	-20.5486
-14.1137	-18.2031
-14.6021	-18.56
-11.1771	-17.737
-12.4335	-14.4272
-9.2918	-12.2308
-7.69594	-7.54581
-10.7849	-10.1582
-8.16459	-9.07324
-7.26422	-6.13057
-7.39404	-5.72167
-7.91963	-7.97855
-9.53681	-5.69046
-11.7372	-4.96971
-16.6116	-5.212
-17.6141	-4.75111
-31.4377	-15.8851
-22.444	-13.5582
-19.7318	-11.2945
-22.1506	-11.9465
-21.4423	-11.3961
-22.0231	-12.9688
-23.766	-9.92685
-22.2492	-10.7954
-21.2026	-9.55937
-22.6727	-11.7581
-21.1172	-10.5189
-22.0002	-11.4545
-19.8097	-3.88099
-23.1101	-7.64046
-22.5339	-10.3257
-21.3142	-8.82724
-13.8378	-2.91077
-4.72337	-11.3996
-6.5199	-14.0979
-7.31894	-9.88757
-8.66758	-11.1011
-10.1765	-6.30394
-9.34598	-6.3264
-9.1653	-6.5497
-9.89372	-6.43581
-8.90322	-6.37032
-9.23765	-6.17116
-8.40473	-5.95638
-8.39652	-7.27742
-8.74073	-11.6132
-5.15183	-16.0519
-5.55417	-15.1753
-6.13284	-13.7488
-9.59588	-2.78769
-16.9264	1.8987
-26.0635	-4.31208
-28.8282	-3.36233
-27.0428	-9.16368
-29.526	-10.6984
-26.5007	-9.54069
-24.2702	-14.5633
-20.0002	-7.68684
-14.0032	-22.0483
-16.745	-21.9909
-19.5648	-20.6839
-22.408	-16.4706
-21.4767	-10.7368
-21.1792	-6.31576
-20.1134	-0.81223
-12.4363	-3.74497
-8.45702	-9.60331
-9.65732	-6.79331
-7.4091	-8.28284
-6.93731	-0.917987
-9.92543	-4.55061
-8.28411	-0.540033
-7.79042	-4.65361
-16.8066	-6.81468
-14.7979	-16.4797
-14.6601	-20.4331
-15.1114	-22.7671
-12.5741	-19.2797
-15.2032	-20.3497
-15.8078	-18.9679
-17.6772	-19.9628
-18.2923	-19.7579
-15.0068	-18.3012
-14.6984	-17.6266
-10.9846	-13.8111
-10.3588	-11.8099
-11.2742	-9.16275
-15.6461	-15.7432
-14.0913	-24.6447
-14.6439	-12.9101
-13.799	-12.9498
-11.8053	-13.0182
-8.43062	-11.4806
-8.5711	-16.4604
-7.01967	-16.075
-8.67427	-16.6458
-9.22267	-17.3927
-9.92032	-14.0975
-9.68624	-15.363
-10.1818	-16.1342
-8.53791	-10.9179
-9.28454	-7.14027
-10.6267	-6.93695
-11.1628	-7.13617
-11.5132	-8.45037
-13.348	-8.93588
-11.6922	-20.5637
-12.0736	-20.8737
-12.0249	-18.1955
-12.6699	-19.2313
-9.20198	-19.5604
-8.93611	-8.82966
-18.7964	-2.67642
-24.8244	-10.6498
-26.9659	-8.37362
-28.9433	-4.86206
-31.7635	-2.57118
-28.2834	0.347862
-28.2098	-6.45658
-21.0529	-5.08845
-12.0796	-5.55105
-11.4345	-14.7039
-12.1501	-14.9781
-12.1714	-17.0905
-13.0152	-17.8625
-13.529	-16.6119
-14.8374	-19.7725
-14.3006	-19.264
-15.6051	-21.9807
-15.2659	-23.4375
-13.0536	-21.8307
-12.4479	-23.6233
-10.6583	-17.8157
-11.4187	-12.3779
-20.2627	-5.49523
-15.7782	-11.4442
-9.41512	-16.5338
-10.5882	-12.6626
-7.88726	-18.1884
-6.82955	-15.0883
-8.10735	-14.4311
-9.06847	-13.5428
-9.46964	-11.5029
-7.28126	-8.67226
-12.9535	-1.95137
-15.4669	3.15686
-16.6956	6.79602
-17.4281	8.01005
-18.4754	5.01034
-17.3151	7.35367
-14.847	7.77627
-13.872	3.4634
-12.8471	1.69788
-12.4601	-0.579593
-14.0378	-2.0039
-15.6297	-4.89897
-13.7499	-9.91208
-15.6652	-11.7803
-18.402	-10.7629
-16.6319	-7.24603
-12.8668	-7.42247
-16.6864	-9.00258
-11.3742	-9.27782
-12.6559	-6.20246
-13.5677	-3.57732
-19.2278	-10.1903
-19.7619	-7.90292
-20.3607	-12.5633
-18.0675	-12.1901
-22.2191	-12.4089
-22.2006	-12.0241
-20.9603	-10.7199
-20.3755	-10.1653
-21.6237	-9.06833
-19.9569	-11.0662
-21.8498	-9.55629
-22.7037	-10.9354
-23.2197	-10.1819
-22.3288	-9.40848
-23.8358	-11.0475
-23.072	-11.4277
-23.5435	-10.1801
-20.3115	-12.1952
-16.0055	-4.74733
-16.2857	-12.151
-17.7986	-5.70223
-12.8643	1.74234
-12.3143	-10.8917
-15.5628	-7.35507
-8.51214	-4.67974
-9.16382	-1.9937
-17.3097	0.0611669
-22.3314	-2.34069
-25.3164	-5.73457
-28.5712	-4.3144
-27.5191	-5.91793
-24.5589	-4.76589
-11.2839	-3.20266
-12.3342	-8.09021
-11.8424	-9.99821
-11.2761	-9.42676
-11.7015	-9.09458
-10.672	-8.05853
-8.6245	-5.20836
-5.25635	-8.593
-4.58545	-9.54422
-4.28976	-8.87625
-4.22175	-8.75457
-3.05691	-7.87332
-4.03407	-6.02042
-3.289	-5.79975
-15.8123	-2.32018
-16.1097	0.832253
-16.6219	0.5226
-15.6439	-6.76332
-15.2157	-9.66065
-14.503	-14.5618
-13.6673	-16.9043
-14.6103	-17.7153
-12.9157	-18.0833
-11.7829	-17.7289
-10.2598	-17.7624
-7.66848	-14.3678
-7.76482	-7.73881
-9.56585	-9.51591
-13.5208	-9.34513
-14.2888	-7.06825
-9.19444	-12.1592
-11.0182	-12.4022
-10.9701	-12.5631
-10.7776	-11.2971
-9.93781	-12.2911
-7.08052	-11.909
-7.91284	-10.0183
-6.53577	-10.3502
-6.23895	-8.96366
-5.13798	-7.20661
-5.16788	-6.65424
-8.7907	-6.17036
-11.6363	-1.7509
-16.1513	-7.14963
-28.6964	-11.471
-24.0035	-8.19054
-10.1133	-2.71964
-13.0666	-8.26195
-13.1074	-11.6134
-10.3995	-13.3738
-8.59543	-12.3039
-7.3404	-7.25281
-6.92816	-10.8863
-8.05196	-10.5681
-7.91276	-10.502
-9.21112	-10.5792
-9.10886	-11.5904
-11.5083	-18.1072
-11.4008	-16.5729
-13.1474	-17.6141
-13.1606	-14.9768
-13.8554	-12.1498
-14.7021	-8.27689
-14.1977	-5.6835
-14.762	-1.40967
-17.0966	1.86549
-18.0604	3.7805
-17.4412	3.10747
-18.4737	3.95535
-17.4892	2.33201
-18.0234	0.50925
-16.1634	-1.94253
-15.7083	-7.86243
-15.7038	-10.8005
-17.8415	-13.9492
-17.1836	-15.5417
-12.3272	-19.2075
-9.15944	-17.3492
-7.40595	-8.97031
-6.47929	-9.35849
-6.6153	-6.29368
-5.99416	-4.25187
-7.16356	-2.13923
-7.13985	-0.60563
-8.26087	-2.8436
-11.0064	-3.08734
-15.9113	-8.95026
-19.313	-9.87074
-20.2404	-12.6215
-22.482	-14.4172
-16.4441	-5.75428
-12.8777	-22.1375
-15.0431	-24.2902
-15.6024	-22.4643
-18.1615	-22.379
-16.1861	-21.4736
-10.6203	-21.0251
-9.52989	-12.0067
-15.6173	-21.3381
-15.3539	-15.6884
-17.7271	-13.8591
-19.3638	-16.1631
-25.472	-9.05901
-29.4397	-3.31962
-24.8613	-8.4928
-27.8982	-5.53185
-24.0509	-3.54163
-26.3375	-12.6043
-23.4068	-10.7769
-18.6903	-8.36329
-23.9734	-10.263
-23.8463	-10.3915
-20.3725	-7.53329
-7.98068	-11.6959
-9.13391	-10.6629
-10.2945	-11.4928
-10.1785	-6.34763
-9.56938	-2.53086
-16.7851	1.64329
-24.427	-2.03843
-26.9834	-5.54701
-30.0599	-4.39864
-31.6783	-7.07118
-29.9123	-6.78287
-30.4636	-7.58756
-22.8363	-5.44458
-15.0293	0.843641
-12.4641	-0.400055
-13.7007	-2.59293
-15.8895	0.664242
-12.4245	-5.65249
-11.9688	-6.60389
-11.2686	-6.01652
-6.38484	-5.77415
-6.67005	-5.95946
-6.92521	-5.94984
-6.76073	-4.74387
-6.32878	-2.94598
-5.85566	-0.698575
-7.68709	-2.6166
-12.6327	-7.60265
-11.1881	-13.036
-10.6046	-13.3733
-11.1142	-9.67147
-9.97037	-6.70517
-5.89481	-6.53506
-11.5319	-9.44261
-12.2728	-13.8722
-14.118	-17.1133
-12.6722	-14.9747
-9.58907	-15.2591
-9.41706	-13.3541
-11.1194	-13.8887
-11.8163	-11.804
-10.7337	-13.0249
-11.6989	-5.5571
-12.9937	-7.46148
-19.6755	-4.6918
-24.9021	-7.50974
-25.8673	-8.36252
-29.7592	-1.91401
-28.5216	-0.159466
-29.0812	-4.21431
-26.9808	-4.61642
-27.5887	-3.94677
-27.941	-8.12576
-26.5353	-6.18889
-25.8668	-7.40841
-25.3186	-6.77225
-22.9192	-9.84412
-21.6121	-7.83461
-21.5614	-11.4846
-18.8186	-10.2886
-20.2324	-9.29856
-20.9225	-10.4623
-20.2742	-10.6715
-18.3972	-6.03145
-19.0893	-10.3809
-22.5171	-10.8551
-21.3988	-9.93395
-21.5721	-8.80815
-24.5257	-12.8588
-22.6506	-14.1831
-23.3935	-11.4216
-23.3606	-12.8347
-24.3382	-13.168
-24.2179	-9.2559
-24.026	-12.8929
-24.2016	-12.089
-24.3455	-12.4391
-23.4493	-10.0472
-21.2696	-11.2943
-24.7642	-11.8352
-18.4083	-18.7285
-21.2038	-12.3869
-19.3324	-10.1757
-17.6321	-11.9441
-17.6291	-11.391
-17.4032	-5.45382
-14.8598	5.01574
-13.1117	4.99822
-14.4755	6.73411
-13.391	3.1898
-12.4042	6.06795
-12.1473	6.03432
-11.6447	8.68632
-11.9001	3.32069
-14.0011	-2.46082
-17.0502	-8.15131
-18.3735	-7.80086
-18.0022	-7.42419
-30.5761	-9.04232
-21.7913	0.177236
-13.7799	1.6647
-15.9417	-3.99945
-14.7074	-8.43483
-16.3904	-11.5777
-15.7045	-11.8686
-17.267	-11.3088
-15.5707	-9.45363
-15.629	-6.97
-13.0706	-4.52208
-11.3717	-2.79414
-9.34265	-6.59501
-6.61668	-9.23524
-6.8901	-8.4623
-6.3266	-8.72074
-6.90047	-6.03967
-11.9931	-0.505545
-14.569	-4.37154
-15.1317	-7.17915
-13.9208	-10.3047
-14.9985	-10.412
-15.8208	-14.6555
-14.5165	-15.4922
-14.5621	-17.3532
-11.8971	-13.484
-9.71437	-11.9533
-9.46798	-5.96286
-14.7131	-3.63169
-23.9764	-9.37768
-27.3706	-11.9509
-27.181	-9.17403
-25.0887	-11.8368
-22.2212	-13.4464
-15.0188	-8.06681
-10.7843	-21.4798
-12.1934	-21.1832
-13.6532	-23.4057
-13.1684	-22.9854
-12.2896	-19.3247
-7.98435	-11.5436
-7.5694	-6.42336
-7.23521	-6.66339
-7.56694	-6.28779
-8.52085	-8.48565
-8.36681	-10.24
-9.7333	-7.91492
-9.11656	-10.4563
-10.3687	-8.98479
-11.2702	-9.05786
-14.8582	-10.4678
-15.8929	-8.74821
-14.1122	-6.68004
-9.89634	-6.56449
-7.37888	-6.18915
-5.47005	-8.439
-4.90712	-7.41263
-3.9024	-5.30126
-4.48974	-4.95302
-17.1742	-0.844966
-16.7363	4.46782
-20.8501	2.13487
-22.6485	-2.37666
-18.1457	-3.33064
-12.0425	1.13936
-8.13706	-7.65058
-10.4097	-15.9994
-12.9352	-20.421
-13.1602	-21.0095
-14.2752	-18.4045
-16.0254	-18.1979
-15.4696	-16.5702
-15.7419	-18.9829
-14.6522	-18.7631
-16.8827	-21.1208
-14.3911	-20.0836
-14.3888	-24.059
-12.4541	-19.7458
-13.867	-13.219
-17.086	-3.33241
-23.4497	1.38828
-24.6861	-3.9441
-26.1771	-7.46431
-28.1683	-8.15293
-28.3772	-6.45648
-28.2938	-6.03457
-21.7418	-12.2677
-14.6769	-12.4633
-13.1601	-17.005
-9.8738	-24.6538
-12.5843	-22.2685
-10.4564	-12.3479
-10.6236	-13.1774
-9.9829	-12.0633
-8.51796	-10.0558
-8.10133	-9.7466
-7.3664	-7.50339
-5.93331	-5.09589
-6.53082	-4.61961
-11.9323	-2.31241
-18.1674	-8.00185
-27.9326	-12.819
-19.3181	-11.6739
-19.5007	-6.3144
-14.1336	-6.50584
-14.3942	-0.26441
-14.3667	-7.58908
-15.4538	-10.8066
-15.3134	-14.568
-16.3477	-11.7425
-14.9973	-13.082
-15.0507	-13.0093
-15.6453	-11.5814
-12.8719	-10.6212
-12.2713	-12.2835
-7.97369	-13.5813
-7.58324	-8.48196
-6.69899	-7.8183
-7.37594	-8.4022
-6.68366	-9.83061
-8.26029	-7.36683
-10.8187	-1.62321
-9.40829	-0.784785
-10.5449	0.0862608
-11.4519	-0.649405
-10.6426	-1.08276
-10.2477	1.50235
-9.13186	-2.68031
-11.3505	-0.150563
-17.0745	-1.74281
-23.4446	-3.21707
-21.9627	-4.89792
-21.9492	-4.51008
-21.244	-3.50624
-23.8328	-8.3119
-22.745	-5.85662
-23.4051	-5.63723
-23.4002	-6.2751
-20.7794	-7.42848
-18.746	-6.61268
-18.9089	-6.41169
-17.2994	-3.86831
-18.8476	-10.1166
-16.7183	-12.1522
-17.8675	-11.977
-19.9452	-12.3717
-19.2276	-10.8004
-20.0023	-14.9883
-19.0014	-9.48784
-21.0704	-8.70148
-19.5275	-12.3264
-18.7643	-11.3045
-20.5217	-9.62588
-20.939	-8.64918
-21.662	-10.3349
-22.9325	-11.6634
-22.2223	-11.127
-20.2388	-9.36279
-21.466	-7.64553
-24.3017	-8.34462
-26.2989	-8.27096
-26.9752	-6.31365
-30.7211	-6.56078
-29.3071	-8.73805
-24.7178	-3.66759
-16.7151	3.10096
-14.5537	0.626648
-15.2412	1.02619
-14.3997	3.5745
-12.0071	3.34938
-13.1352	3.30608
-16.285	5.07387
-21.7772	0.666156
-25.7373	-2.01731
-27.6563	-6.53273
-28.7482	-7.16755
-27.345	-7.17853
-31.0953	-13.9187
-23.9706	-11.5188
-14.0773	-5.3359
-13.7524	-18.1503
-16.1829	-19.9534
-18.9081	-20.0639
-19.9394	-19.513
-21.0503	-19.8799
-20.3581	-19.132
-21.0263	-20.473
-20.3702	-18.7472
-20.8691	-18.4931
-21.3455	-17.4674
-20.4112	-15.3681
-18.5577	-12.1883
-15.7381	-10.2213
-12.3697	-10.4408
-10.7608	-9.60113
-8.19677	-10.0023
-7.41869	-10.1925
-5.59922	-10.8609
-6.33746	-9.83885
-5.5229	-6.05075
-8.21054	-6.08823
-22.3159	-10.7551
-20.6427	-3.42413
-28.4467	0.446506
-28.6294	-6.31935
-28.6438	-5.20923
-29.9473	-6.35749
-28.1762	-5.72668
-20.3519	-11.5245
-13.0666	-10.0361
-18.5334	-10.955
-22.0189	-12.3691
-21.3241	-11.8404
-21.5527	-8.09617
-23.0959	-9.13548
-21.7073	-7.06668
-21.1817	-12.9986
-17.3116	-5.81386
-8.64741	-8.84612
-7.51281	-14.4243
-7.03389	-13.7616
-6.4827	-13.9923
-8.26604	-10.8401
-9.23889	-8.04991
-8.60848	-7.81004
-8.58585	-9.19489
-7.5893	-8.81726
-8.12944	-8.71918
-7.33403	-6.37707
-6.69206	-10.4758
-8.48534	-6.68352
-8.65576	-10.2045
-10.0448	-7.66257
-12.2354	-13.1667
-16.3533	-13.2552
-16.8644	-10.4218
-18.5128	-10.9877
-17.4774	-9.37888
-19.0506	-10.249
-17.5893	-9.3295
-18.4318	-10.2364
-16.7353	-11.3647
-14.8796	-11.5012
-12.1482	-14.5249
-9.78126	-12.9194
-8.09441	-10.922
-7.48765	-8.3416
-13.2364	-0.89987
-20.8062	-9.01777
-26.5167	-3.99329
-24.2486	-5.86574
-24.8975	-6.03198
-25.0852	-9.35179
-26.501	-8.14069
-27.7161	-9.32656
-23.2221	-7.40635
-17.7422	-15.634
-23.0239	-11.0539
-21.9296	-13.0163
-22.3299	-14.6255
-23.6988	-10.1962
-22.0382	-11.3926
-21.1484	-14.1376
-23.1288	-12.9021
-16.11	-2.69859
-23.0817	-3.00662
-12.0929	1.10929
-13.1743	-7.7651
-8.78731	-10.5862
-5.60916	-11.207
-4.17586	-11.7487
-2.71454	-15.379
-5.3813	-11.7274
-5.52641	-11.819
-5.79815	-10.4466
-7.70422	-9.99634
-10.2068	-9.47544
-12.4981	-4.5728
-15.9001	-2.31541
-15.221	1.67368
-15.6764	0.855832
-12.8113	4.67339
-7.13535	-0.983738
-6.10527	-4.54206
-7.87547	-2.25558
-9.38537	-4.01293
-7.54178	-1.94729
-8.33891	-3.18779
-8.96112	-3.58259
-15.6766	-5.64965
-21.2235	-9.82002
-15.7036	0.0978382
-15.0778	5.53235
-16.362	3.10932
-16.8392	5.32656
-15.2767	5.34179
-16.5398	4.35824
-16.7159	6.23029
-15.5774	5.87619
-16.4428	3.02176
-16.2793	3.91474
-15.4286	-0.881567
-16.8056	-4.19496
-16.9512	-7.49418
-16.5622	-9.04284
-14.1512	-11.6124
-12.9277	-17.1437
-13.1022	-15.8407
-15.5013	-14.8429
-11.087	-15.8472
-11.8584	-13.3019
-9.62908	-9.7818
-12.1054	-7.02169
-20.4464	-7.19732
-25.3623	-8.17603
-26.9713	-11.6964
-26.7425	-8.82013
-27.5786	-9.65119
-26.7553	-6.29057
-25.738	-7.46205
-27.5343	-5.42313
-18.9847	-10.1247
-24.2516	-6.84817
-23.4347	-8.95356
-25.756	-8.44444
-24.1158	-13.1704
-23.1364	-8.60365
-23.0088	-11.5372
-20.0715	-12.7984
-20.4097	-12.4009
-21.1471	-9.96702
-22.2089	-10.2899
-22.1476	-11.1871
-25.5676	-9.76869
-24.5225	-9.35333
-28.1549	-9.90455
-26.0979	-8.43806
-29.5322	-8.25137
-28.3059	-9.54791
-18.596	-1.78599
-19.1686	-5.11689
-17.1817	-7.66704
-16.7023	-5.5495
-17.9293	-5.236
-16.1576	-4.45202
-16.8209	-5.31523
-15.9068	-6.90881
-17.3832	-7.62786
-18.7081	-9.71816
-18.0548	-10.3865
-17.9993	-12.357
-13.3976	-14.1524
-11.623	-14.3322
-8.97952	-15.2266
-7.48265	-14.863
-8.58219	-12.7061
-6.83084	-14.2308
-7.45142	-11.5221
-13.7086	-12.315
-15.0044	-16.156
-17.2158	-17.9515
-12.6227	-16.1951
-13.5768	-18.7431
-15.4508	-17.7121
-18.523	-19.5646
-17.8604	-18.2835
-16.9565	-19.9738
-15.1534	-20.4686
-10.5676	-12.8404
-9.53105	-10.9827
-6.17322	-10.9956
-5.84201	-10.0338
-5.05308	-7.6388
-4.94026	-5.13812
-18.3496	-7.86771
-20.9927	-7.05066
-26.2009	-8.70695
-26.3886	-6.63943
-25.252	-9.16156
-22.3724	-9.99882
-17.9598	-10.2204
-17.7386	-6.96059
-14.957	-20.6427
-14.9316	-22.7418
-17.5258	-21.6362
-18.8666	-22.2348
-17.8664	-20.2408
-18.0354	-22.3336
-14.5135	-19.8435
-11.8806	-19.4879
-8.98266	-14.566
-13.1574	-12.4963
-18.1256	-19.1096
-20.3964	-19.0253
-20.3888	-14.6978
-8.467	-15.0065
-12.3568	-22.919
-15.107	-21.1553
-17.7755	-21.5653
-15.7116	-20.6339
-12.8028	-21.8101
-7.68782	-10.8111
-7.29289	-9.52853
-8.41131	-11.0642
-10.2114	-11.5528
-17.5548	-1.15709
-19.4616	1.16346
-18.3339	4.08162
-16.4075	-1.19301
-10.6683	-5.55384
-11.1955	-11.4074
-11.3656	-11.9278
-11.9926	-13.836
-12.3364	-12.6009
-11.9299	-10.57
-14.8525	-10.7529
-13.6807	-14.218
-14.2648	-17.6428
-12.7897	-17.1294
-12.6189	-23.013
-12.6331	-20.1936
-11.2398	-18.234
-11.6691	-7.10013
-8.98801	-6.93414
-8.76354	-7.003
-7.30977	-5.05847
-5.96145	-4.49566
-10.3254	-4.61912
-14.4341	-11.7923
-25.0589	-13.5056
-17.565	-15.1156
-12.1299	-8.47419
-11.6296	-16.3555
-10.9097	-18.6713
-9.70855	-17.8106
-9.10073	-16.9554
-9.00276	-9.05974
-12.1531	-5.43402
-14.0131	-8.50771
-18.9178	-14.5754
-25.4047	-14.5889
-23.2161	-14.7413
-11.9724	-6.07774
-14.52	-17.7299
-11.4518	-20.4696
-11.3972	-23.6746
-10.3875	-18.8965
-10.9149	-20.4654
-11.6546	-18.0188
-10.4442	-16.8789
-10.7193	-17.1194
-10.8423	-12.0587
-11.0089	-10.6794
-9.05188	-7.93614
-8.06069	-5.42172
-14.5188	-4.57013
-11.2419	-1.90803
-12.8121	0.361488
-14.0776	-0.757373
-14.7855	-2.46546
-13.9074	5.36496
-14.0344	4.76958
-13.6971	4.00153
-13.8342	5.46578
-14.0441	3.85163
-13.9265	1.67136
-14.1349	2.13764
-14.516	0.625753
-15.891	-5.61593
-10.2969	-5.85935
-12.957	-10.0126
-14.869	-12.8017
-14.2891	-13.3207
-12.2884	-16.9888
-10.3012	-16.0355
-14.0628	-20.3574
-14.2291	-13.5289
-14.6506	-19.2069
-17.3783	-17.7748
-20.8841	-18.2824
-21.7464	-16.7135
-21.9036	-14.2858
-20.4635	-11.396
-22.007	-12.9372
-22.8508	-14.4262
-22.8702	-13.1273
-22.2093	-12.1542
-22.6991	-10.6788
-23.4992	-15.7642
-21.9731	-10.7099
-24.9247	-6.01742
-21.9063	-14.4342
-20.74	-13.6161
-22.2398	-8.59112
-24.8891	-9.70716
-23.8601	-12.5358
-20.7315	-10.5768
-18.997	-8.45481
-19.2378	-13.0779
-15.7559	-8.25082
-7.6989	-7.94227
-13.11	-12.7604
-12.8024	-16.1718
-15.4642	-10.3477
-14.7789	-21.9295
-14.45	-20.9839
-15.5758	-22.0283
-12.8466	-22.1476
-9.87671	-17.4084
-9.08359	-13.8026
-14.6738	-2.63106
-20.2464	-8.90177
-23.7475	-6.47641
-28.145	-11.2994
-28.9136	-11.7438
-24.5613	-10.5928
-16.3437	-7.49546
-11.716	-20.2457
-12.1318	-20.7124
-13.3814	-22.618
-10.4752	-23.8213
-11.9897	-22.6404
-12.9044	-14.9111
-11.2671	-15.6972
-9.86219	-18.0975
-9.34698	-17.5025
-9.02158	-8.06088
-9.849	-8.39388
-15.8567	-10.0207
-22.8734	-9.01866
-7.71551	-6.44774
-9.53994	-13.8391
-10.1324	-17.2594
-9.96103	-19.7156
-10.7316	-18.1982
-10.1068	-17.3602
-9.82709	-18.967
-9.61168	-20.9162
-10.8707	-19.5336
-13.2755	-21.8202
-12.6622	-22.9218
-13.4248	-22.2099
-12.5211	-24.9241
-13.5976	-19.9905
-12.9749	-19.8981
-11.6007	-16.0456
-10.5122	-7.3711
-13.1653	-2.59036
-19.9833	3.31054
-22.6877	-3.26187
-27.2038	-8.75276
-25.3216	-10.3223
-20.6361	-5.80895
-10.2737	-9.77643
-7.93607	-12.015
-8.8099	-14.3338
-7.43568	-16.4543
-8.77785	-16.279
-13.1812	-6.55538
-10.5612	-8.31336
-8.88208	-8.16912
-14.0275	-5.8504
-16.3243	-7.40003
-17.6085	-5.8878
-20.7124	-14.3484
-21.3211	-12.0035
-21.7655	-17.9785
-21.9695	-14.1522
-8.31959	-13.9375
-13.4064	-14.5612
-14.7461	-15.7646
-13.8535	-13.1342
-14.6237	-11.6244
-13.3442	-7.43835
-12.7815	-1.33627
-15.9393	2.40312
-13.5505	-0.776338
-17.145	-11.058
-25.8782	-10.6827
-24.4014	-3.98917
-23.9401	-4.32779
-24.8102	-3.16162
-13.0841	-11.2375
-10.456	-12.9689
-12.2068	-14.9226
-11.0972	-17.0838
-12.9817	-19.701
-11.4122	-19.4764
-12.3726	-21.3103
-11.276	-17.262
-8.53842	-6.9334
-8.29775	-6.56793
-17.6808	-15.1894
-18.411	-14.4357
-16.1251	-12.0972
-21.3775	-20.0721
-16.0912	-7.6462
-11.2793	-11.6744
-13.5201	-12.1975
-6.32943	-4.46825
-11.7243	-11.9598
-14.2926	-13.8925
-14.9614	-11.9121
-15.0082	-13.9706
-15.8184	-13.5532
-15.2959	-10.9132
-15.5083	-12.1904
-16.0934	-12.7523
-14.5564	-12.7261
-10.3047	-8.21017
-9.54816	-10.4184
-10.304	-10.0697
-10.9842	-7.99697
-8.22641	-10.6916
-11.8083	-8.08626
-14.2411	-1.51854
-14.2183	0.35817
-11.3819	-0.229943
-10.7233	-1.66163
-11.6628	-0.0492064
-12.4989	0.415154
-10.2377	-2.24066
-11.7081	-0.723859
-17.4124	-1.79334
-24.4663	-4.01181
-26.087	-3.62414
-28.7847	-4.55797
-25.7897	-5.36049
-29.0799	-5.42626
-27.7881	-7.07265
-28.5675	-6.51358
-27.7493	-6.72448
-24.1962	-3.94763
-22.6946	-4.76646
-27.1579	-8.72015
-24.3189	-9.065
-26.9952	-6.6754
-22.6347	-9.85409
-25.239	-11.7555
-22.1054	-9.13245
-23.3406	-12.0428
-22.8885	-13.0493
-22.1656	-13.061
-23.0276	-10.1328
-15.9878	-14.2021
-10.7663	-18.7714
-10.0766	-18.3758
-7.32713	-11.4571
-7.22636	-10.3695
-6.16262	-9.75266
-6.59927	-7.54341
-4.62919	-7.6981
-10.4041	-8.28197
-25.499	-12.2149
-10.7102	-24.392
-12.3339	-14.9485
-11.3169	-21.2055
-10.3327	-22.3619
-11.8167	-24.1974
-10.0677	-22.4242
-11.4465	-23.2387
-8.67763	-19.2803
-8.27719	-19.0805
-8.05589	-9.44786
-9.61503	-7.57436
-10.3756	-7.44703
-11.3484	-8.53894
-9.59455	-16.1077
-11.1707	-20.8196
-10.2031	-19.2053
-10.8839	-20.7926
-9.54732	-17.8458
-10.4123	-19.6487
-9.00964	-17.6756
-9.24454	-17.8128
-8.24938	-17.6083
-8.42003	-16.0004
-9.69808	-16.9981
-9.70252	-16.5873
-8.65669	-15.0144
-10.4108	-16.4305
-10.6125	-17.4133
-10.3507	-18.7667
-11.2939	-22.6401
-11.2409	-22.1235
-10.8824	-22.0731
-12.2166	-23.3263
-11.6507	-21.5843
-9.48553	-19.228
-10.6795	-9.38315
-10.2772	-7.98521
-10.1474	-7.80357
-8.94817	-6.28541
-7.66047	-6.65107
-5.6208	-6.08917
-4.9502	-5.6624
-6.10805	-5.86925
-21.0305	-8.9856
-15.0052	-10.598
-11.1826	-16.955
-14.3148	-4.7142
-23.1791	1.93535
-14.7959	2.89085
-11.7047	-18.356
-13.4286	-21.3997
-11.9858	-21.3345
-12.5962	-25.0009
-10.5509	-21.6966
-9.31027	-20.5292
-10.2807	-10.6682
-10.7959	-10.4915
-11.5619	-9.81626
-11.4725	-17.2534
-11.7251	-22.2713
-13.4106	-23.0932
-12.3548	-17.0887
-10.1879	-16.1391
-7.02893	-9.59224
-7.08893	-7.75566
-10.7587	-4.6459
-14.7106	-6.49674
-24.1643	-10.3679
-23.2146	-12.3857
-13.3436	-0.205738
-14.6799	-10.9454
-12.6604	-12.2753
-12.0303	-13.5901
-10.8672	-6.39746
-7.89681	-4.90755
-7.19287	-4.62236
-6.4602	-4.39189
-6.59199	-4.44279
-4.29204	-4.39238
-7.38297	-3.79291
-12.4583	-2.2117
-19.2922	1.14032
-20.481	-5.41574
-18.1256	8.33667
-13.9815	7.59991
-12.9241	2.40699
-14.5682	-10.4768
-14.9452	-14.541
-13.5419	-14.4705
-7.25421	-15.0601
-6.38665	-13.9211
-9.2944	-19.4731
-6.64588	-15.6697
-4.71925	-13.6812
-3.99031	-21.4028
-6.90989	-15.3702
-7.7414	-11.2201
-12.6754	-7.83395
-18.018	-10.1914
-21.9722	-11.9832
-21.1865	-11.8444
-20.1818	-10.3107
-21.7403	-12.7457
-21.8483	-12.2155
-23.5125	-11.6065
-21.2512	-21.965
-20.5869	-15.4582
-21.2506	-14.69
-22.364	-13.9132
-17.1953	-12.4878
-19.1655	-11.6575
-22.3943	-9.66444
-22.0245	-12.8507
-23.9381	-11.5998
-18.5627	-10.6428
-23.4082	-11.0317
-21.1788	-12.5577
-22.7823	-10.3062
-21.8352	-12.0133
-23.611	-8.87805
-23.0985	-11.6078
-23.0399	-11.5634
-19.9891	-11.3899
-18.1712	-7.2962
-10.6927	-11.735
-14.2737	-16.4344
-15.1775	-20.339
-14.536	-21.9705
-15.9725	-23.1265
-15.4447	-21.5227
-14.9306	-22.082
-12.178	-19.3899
-10.2012	-19.116
-8.95083	-15.8608
-8.78074	-14.1056
-8.012	-12.39
-8.48058	-12.0381
-8.98474	-9.05041
-10.3564	-8.36771
-12.0323	-7.35143
-13.3588	-6.83347
-14.4458	-5.64694
-16.3003	-4.49997
-17.1241	-1.16871
-18.2901	1.30951
-18.7696	0.28003
-17.1504	-0.208974
-18.1328	-2.09143
-17.281	-5.96539
-17.0517	-7.46297
-14.5709	-12.0881
-14.2076	-9.89471
-11.3589	-9.66672
-10.2781	-12.3264
-7.06926	-6.82007
-6.61018	-7.28683
-7.46648	-7.1637
-6.99137	-9.84694
-8.12989	-11.0144
-10.3562	-19.5087
-12.4088	-20.7071
-13.0807	-21.1865
-12.5449	-20.932
-12.9639	-19.2083
-14.1754	-18.1458
-14.7842	-17.9527
-12.8477	-17.3566
-10.849	-15.0562
-10.2965	-11.9879
-8.99294	-6.04887
-14.7688	0.728415
-23.0527	-3.15003
-22.9284	-2.72394
-27.3393	-0.752657
-28.1788	-8.64738
-29.0636	-5.43018
-26.024	-7.14952
-20.2634	-13.9693
-7.92502	-11.3298
-9.23917	-12.114
-8.02068	-10.8015
-8.63852	-9.46086
-8.63775	-9.28515
-8.36429	-7.75831
-6.5361	-7.0908
-6.09564	-5.16698
-12.8825	-4.88554
-16.0221	-6.0526
-19.2595	-9.05976
-11.2809	-10.3614
-10.2477	-19.2997
-11.6345	-21.1522
-9.17252	-18.3178
-7.9195	-15.4914
-13.4938	-9.70663
-20.926	0.703759
-21.2814	-8.90096
-24.5721	-12.3877
-25.0991	-10.5287
-25.0762	-6.8856
-18.0631	-9.33736
-12.4584	-15.6496
-10.6606	-19.3986
-10.836	-19.5458
-11.1037	-15.1598
-10.239	-7.80409
-11.326	-6.55733
-12.914	-6.69644
-19.1684	-10.9462
-20.406	-12.4995
-18.7363	-11.2767
-17.6198	-12.688
-18.1644	-7.63071
-17.9636	-12.0084
-14.201	-12.4442
-15.2001	-13.5019
-9.64066	-9.05516
-8.34904	-11.8582
-9.51957	-10.6881
-8.35416	-9.83302
-8.9391	-10.4803
-7.15385	-9.98412
-6.12123	-10.7665
-10.1382	-3.40999
-8.90409	0.305859
-12.6553	-2.23332
-17.1727	-1.42372
-20.6429	-4.94564
-24.8067	-7.77574
-20.9947	-3.48531
-14.0328	-0.304847
-6.60307	-11.9267
-6.50141	-14.5054
-6.76523	-19.0088
-8.25541	-18.8209
-9.2807	-20.3997
-8.52981	-17.8119
-5.16625	-17.2031
-8.20174	-6.12981
-14.7606	-2.10421
-25.1672	-1.13888
-29.5572	-2.23557
-28.8481	-1.60538
-32.5108	-4.54074
-30.5533	2.02386
-32.8967	-5.55991
-29.7278	-6.34128
-22.6336	-6.20387
-7.06972	-9.11992
-8.94943	-7.1929
-9.57759	-8.51197
-9.6311	-10.4883
-10.5328	-10.8346
-8.19383	-13.7143
-10.0353	-13.5344
-10.023	-14.9386
-11.2123	-19.0105
-13.6963	-18.7626
-13.8641	-16.8218
-14.4463	-19.7124
-15.5115	-22.0571
-14.6651	-22.3543
-12.7469	-20.0663
-13.9165	-23.2898
-13.5654	-20.5905
-12.8266	-17.7909
-9.22418	-11.4278
-7.7313	-10.2826
-9.38738	-9.12739
-10.5103	-11.7654
-10.4383	-10.2015
-9.95739	-9.00727
-9.19783	-5.59239
-10.955	-6.56397
-15.4135	-9.04587
-23.464	-4.76816
-23.0713	-9.87496
-24.1035	-11.2389
-15.6148	-9.68001
-6.36312	-10.9744
-6.67365	-14.2628
-6.39312	-14.7585
-7.73666	-15.7544
-9.54525	-7.58714
-9.8275	-6.68921
-10.8784	-7.8478
-16.3291	-3.47955
-13.9946	-12.075
-11.9522	-20.4439
-14.4042	-23.4639
-13.698	-21.882
-16.0077	-16.5058
-12.8563	-17.4126
-10.143	-15.6637
-10.0837	-11.3278
-10.8812	-7.98031
-13.5151	-7.40928
-19.8986	-9.03912
-22.5652	-6.00547
-17.4744	-10.9576
-16.4525	-13.3623
-14.8993	-16.8762
-12.9643	-19.4644
-13.7863	-19.8778
-11.0674	-16.9445
-6.85454	-11.1204
-15.0442	0.826048
-20.1439	-0.524373
-22.8929	-4.86371
-22.8616	-2.33565
-11.4958	-1.32915
-8.62438	-10.0253
-6.42784	-11.1196
-5.08472	-10.7023
-6.4338	-7.07623
-6.52424	-5.0002
-8.23378	-4.41925
-12.4214	-12.6922
-11.5289	-19.6951
-11.5113	-21.0878
-12.7898	-20.9372
-12.2988	-19.6415
-11.4064	-16.2232
-10.8728	-18.2231
-9.40614	-20.3416
-7.52944	-12.6776
-9.56395	-8.07966
-8.71836	-6.50061
-16.5677	-7.92674
-18.1852	-11.1275
-16.7215	-7.19632
-9.16746	-2.97454
-5.21278	-8.17573
-6.25964	-16.1499
-6.64	-16.3397
-8.8194	-13.7208
-9.16595	-6.91183
-8.1862	-5.49024
-11.8547	-3.42398
-22.934	-10.5431
-25.7813	-13.2194
-18.0377	-10.3417
-13.4074	-6.46789
-13.917	-15.7
-14.1602	-13.7741
-14.8963	-15.0672
-14.9296	-13.4607
-11.3892	-12.7485
-10.3241	-11.7144
-8.8927	-7.0444
-8.27171	-7.04944
-6.85103	-6.39061
-4.32862	-4.5452
-22.9627	-5.78463
-22.3241	-4.0125
-21.8508	-5.17633
-27.9484	-8.69678
-23.6432	-6.89469
-8.25689	-12.489
-11.0224	-13.7206
-12.2198	-14.3229
-12.3404	-19.0855
-11.662	-20.8084
-12.733	-21.2623
-13.5205	-20.1483
-14.4516	-21.3647
-15.9896	-19.6371
-17.4251	-18.4137
-17.1303	-12.3697
-17.9103	-8.95048
-15.0433	-2.77728
-12.834	-3.76487
-8.47781	-7.98817
-7.83779	-8.92616
-7.3204	-6.80875
-5.14836	-6.00379
-7.43867	-2.30606
-13.7177	-7.47868
-15.5526	-7.91501
-25.9178	-13.63
-22.7843	-10.8522
-15.9059	-16.7657
-13.9719	-17.5907
-14.5679	-21.1377
-12.2197	-20.7681
-13.739	-19.4499
-14.2537	-10.7855
-14.4191	-16.9609
-12.1524	-18.7485
-7.69587	-17.2258
-8.02018	-17.8421
-8.90037	-13.486
-9.9442	-16.1649
-10.9969	-16.5123
-11.0301	-18.7577
-12.6976	-21.6194
-13.0792	-19.2747
-14.3298	-20.152
-15.0607	-19.2945
-10.0091	-15.5408
-10.5114	-7.96894
-10.3954	-8.26005
-9.96788	-8.57369
-10.0016	-7.49331
-11.2244	-4.22085
-12.3508	-2.09772
-13.273	-1.34092
-14.8984	0.0745566
-15.0736	-0.606369
-16.8397	-2.97054
-16.5177	-8.49649
-17.3321	-13.144
-16.2542	-17.855
-17.0152	-20.4373
-13.4452	-23.3366
-13.8521	-18.061
-15.0293	-18.0608
-14.4196	-14.9614
-15.9672	-17.4251
-16.4029	-18.7881
-16.0697	-20.1345
-15.6707	-21.0765
-10.4717	-17.8548
-9.93387	-17.1286
-9.15326	-15.411
-8.28622	-12.6611
-8.42205	-13.2044
-9.19687	-9.36969
-9.23809	-7.82533
-9.78181	-5.33662
-8.21413	-6.42284
-9.47253	-4.90033
-9.73506	-4.01027
-12.3953	0.602103
-14.2696	1.17248
-16.4437	1.11981
-18.0697	-0.447636
-17.1721	-3.59431
-16.2661	-7.62735
-14.3021	-9.84707
-8.18716	-10.7598
-8.81146	-3.60662
-16.3696	0.872542
-25.7525	-1.95245
-24.2828	-2.24751
-28.1737	-4.77329
-29.0306	-7.83568
-28.3574	-10.1334
-23.6129	-9.11867
-21.5315	-11.1747
-20.1272	-13.3834
-10.9231	-7.57258
-9.48503	-10.0537
-6.78235	-8.25196
-7.95451	-9.32868
-10.9393	-10.4919
-8.91011	-7.81319
-12.4837	-5.12331
-14.1882	-1.22245
-16.3732	1.37845
-17.0516	4.38708
-16.8207	1.11528
-17.4752	-0.832034
-16.8739	-2.95871
-15.0589	-8.15101
-15.0386	-10.3614
-13.7893	-10.4812
-11.2498	-9.20521
-9.0681	-8.48323
-9.28466	-3.86915
-16.6549	-9.83849
-17.4674	-10.7582
-29.8236	-7.80505
-20.96	-8.42207
-19.0821	-4.74377
-15.2355	2.79156
-12.1596	-2.40152
-11.9237	0.847484
-13.6422	1.50433
-15.2654	-0.899486
-18.952	-4.68252
-23.0483	-5.96307
-24.1927	-7.56121
-21.4994	-12.9165
-20.1085	-14.0613
-19.378	-13.0114
-20.697	-10.7079
-19.0982	-16.0872
-10.0065	-11.5775
-11.1583	-14.4266
-12.0888	-14.0383
-12.0064	-18.194
-15.112	-18.8654
-18.0475	-19.4302
-19.4511	-18.7188
-18.3098	-16.9566
-17.4012	-13.473
-22.1058	-12.6344
-21.0924	-9.90722
-22.4543	-12.0157
-22.8245	-13.8185
-20.4588	-9.37613
