2.59263	0.877113
3.05217	0.557265
2.53033	0.346883
2.97642	0.516495
3.15189	0.574616
3.09942	0.656299
2.98454	0.564901
2.4837	0.428965
3.14346	0.55687
3.09394	0.633415
3.05198	0.527604
2.90434	0.847073
3.71046	1.29343
4.04574	1.33229
3.94054	1.29642
3.89036	1.3479
3.84377	2.02203
5.05391	2.21127
5.93651	1.87354
6.3037	1.69763
6.36308	1.6184
6.36479	1.3501
6.64126	1.55996
6.60439	1.62019
6.17355	1.70651
5.13558	1.48076
5.50576	1.71073
5.64483	1.63352
5.9457	1.57279
6.35322	1.31616
6.52873	1.27433
6.79259	1.55986
6.77019	1.5854
6.7289	1.55584
5.96177	1.55099
6.55283	1.53918
6.33136	1.68894
5.81775	1.64055
5.3898	1.30515
5.00989	1.18046
5.48291	1.20761
5.52512	1.18331
5.45747	1.17771
5.22323	0.943614
5.37612	1.06803
5.41758	1.18449
5.2859	1.30884
5.20638	1.27632
4.75687	1.13377
5.46551	1.49158
6.66236	1.2253
7.28135	1.10331
7.09987	1.06714
7.11942	1.13568
7.32702	1.24453
7.14867	1.40225
6.91352	1.31206
6.07023	1.16011
5.78954	1.49008
5.73022	0.982938
5.78132	0.140897
5.72181	-0.219531
5.46041	-0.570028
5.88868	-0.625238
5.83449	-0.682125
5.86379	-0.566567
5.37652	-0.422808
5.69804	-0.591624
5.63377	-0.244916
5.22333	0.0744928
4.77136	0.345802
4.0307	0.747697
4.78166	1.60796
5.34178	2.20631
5.73257	2.3137
5.59278	2.22795
5.63633	2.20456
5.87806	2.38284
5.67482	2.51077
5.50554	2.13726
5.07793	1.30147
4.97354	1.46339
4.85246	1.22005
5.59216	0.531433
5.50169	0.385662
4.09998	0.45646
4.22193	0.507506
3.34504	1.10285
3.26797	1.16322
2.5607	1.09514
3.2197	0.951654
3.3743	0.944656
3.35266	1.01334
3.20078	0.864762
3.43123	-0.177726
4.22916	-0.0496417
5.03075	0.245718
5.15535	0.263972
4.3544	0.240659
4.85318	0.295114
5.94087	0.080769
6.34789	0.000396159
6.48954	0.100404
6.07586	0.0482903
6.65622	-0.0590541
6.72285	-0.0481726
6.7615	-0.00830738
6.51109	0.0698167
6.61121	0.182617
6.87031	0.14012
6.90494	0.383217
6.756	0.665568
5.9027	0.787217
5.93394	1.16409
5.12327	1.48219
4.56191	1.72345
4.23055	1.72351
4.50114	1.94256
5.3919	1.83926
6.04557	1.64989
6.41884	1.54318
5.76001	1.59464
6.67661	1.55731
6.76834	1.66656
6.54416	1.762
5.93746	1.81432
4.93663	1.3676
5.1257	1.71195
5.21022	0.993375
5.25988	0.542522
4.69999	0.343962
4.73283	0.334285
4.88312	0.703456
4.85565	0.802462
4.78033	0.857662
4.19797	0.708614
4.933	0.732595
4.90344	0.77275
4.81961	1.0214
4.35643	0.938564
4.69417	2.1654
5.14718	2.33764
4.93732	2.45032
4.71289	1.62477
4.84095	1.45655
5.22198	2.3324
5.31457	2.48057
5.19902	2.43696
4.88224	2.19521
4.41996	1.68125
4.79887	1.83095
4.94508	1.81949
5.07711	1.67318
4.5147	1.39132
5.03452	1.46721
5.17681	1.43149
5.29158	1.41247
5.18551	1.28608
5.48884	1.40202
6.35659	1.1888
6.70061	1.01596
6.76895	0.945523
6.44343	0.999354
6.64221	1.00615
6.83176	0.938224
6.75412	0.944424
6.52755	0.972088
6.04275	1.12007
6.33945	1.28972
6.01932	1.66314
5.68479	1.63224
5.35168	1.2511
5.32118	1.04967
5.58262	1.22232
5.48492	1.2984
5.40868	1.31943
4.95602	1.20703
5.34579	1.1818
5.31554	1.22219
5.31351	1.37582
5.02635	1.4153
5.48511	1.99356
5.95758	1.88853
6.07717	1.67164
6.06894	1.60747
5.825	1.36613
6.03455	1.45589
5.92533	1.65841
5.75074	1.70684
5.31719	1.75792
5.26215	1.74823
5.44328	1.75275
5.10718	1.75445
4.77324	1.72786
4.69142	1.11834
4.76678	1.33807
4.14301	1.91192
4.17949	1.80343
4.52187	1.67785
4.30133	1.79696
4.8381	2.12578
4.80022	2.39382
4.30561	2.26996
3.71928	1.7996
4.21043	2.18715
4.91551	2.29428
5.31135	1.99875
5.38664	1.8174
5.12408	1.49239
5.62282	1.62017
5.59993	1.61691
5.46884	1.60251
5.21317	1.54673
5.09035	1.4022
5.30477	1.40605
5.02928	1.5526
4.54671	1.72389
3.5776	1.8635
3.5472	1.71033
3.53401	1.60419
3.42253	1.24504
3.23774	1.01551
2.79179	0.927407
3.31847	1.01749
3.24334	1.05489
3.1942	1.10858
2.72431	1.07548
2.83985	0.685445
3.00289	0.597856
3.00713	0.708304
2.81629	0.502953
3.05612	0.532618
2.60856	0.420903
2.86164	0.350574
3.11007	0.341713
3.02266	0.467376
2.94798	0.725787
2.47263	0.587734
2.98953	0.526949
3.04005	0.551859
3.11545	0.545802
2.6592	0.436334
2.69888	0.532536
3.0646	0.585688
3.17285	0.807301
3.27067	1.10496
2.90313	1.27712
3.49552	1.20349
3.80526	1.07608
4.05171	0.910626
3.70048	1.0636
4.19817	0.381239
4.8009	0.34035
5.12877	0.112051
5.43507	0.175935
4.84902	0.372722
5.80807	0.562386
6.10305	1.07862
6.32687	1.37025
6.4474	1.13237
6.36921	1.36161
6.80079	1.60148
7.09094	1.55205
7.41701	1.16919
7.07203	1.00208
7.09614	1.46233
7.09907	1.48875
6.53101	1.66846
5.63041	1.56967
4.1936	1.13094
4.62367	0.801493
4.47887	0.534666
4.41566	0.48459
3.97674	0.615525
4.50158	0.0643323
5.14251	0.28088
5.39794	0.467622
5.19648	0.558558
4.74368	1.24134
5.83393	1.77647
6.59948	1.76378
7.03354	1.46319
7.01373	0.967925
7.18087	0.926096
7.08178	1.24616
6.86313	1.25572
6.41064	1.36969
5.39575	1.34005
5.74294	1.18181
5.71451	1.18333
5.62809	1.23025
5.39665	1.17411
5.114	1.24221
5.54574	1.20959
5.54116	1.2228
5.50435	1.19927
5.11361	1.16818
5.30339	1.31334
5.69776	1.44319
5.7533	1.56982
5.706	1.56535
5.19565	1.48292
5.88891	1.58842
5.91052	1.60161
5.96359	1.56526
5.75859	1.5002
5.89006	1.43006
6.29614	1.41763
6.36789	1.47926
6.26923	1.50567
6.01637	1.45178
6.27535	1.72296
6.29458	1.82261
6.29463	1.83634
6.17016	1.69448
5.97819	1.60085
6.3512	1.70469
6.23862	1.78512
5.90421	1.99497
4.92951	2.04539
5.36369	1.95579
5.24617	1.68096
5.36204	0.985911
5.28993	0.688633
4.8974	0.369854
5.528	0.154464
5.62752	-0.0758717
5.64907	-0.153957
5.18748	-0.144504
5.40394	-0.0280505
5.56506	-0.00166532
6.01009	0.128738
6.17785	0.342998
5.78993	0.652365
6.49777	0.619418
6.54391	0.759555
6.1019	1.08136
5.39751	1.04128
5.29209	0.943674
5.02667	1.74053
4.92822	1.85846
4.96476	1.7836
4.54891	1.56489
4.80556	1.98165
4.99375	1.95426
5.08123	2.03659
5.75131	1.14206
5.68117	1.14355
5.51067	2.01494
5.5878	2.0202
5.70329	1.84633
5.29398	1.7177
5.78123	1.65241
5.94993	1.71243
5.84764	1.92384
5.53301	1.97506
5.348	1.79374
5.6478	1.96891
5.57531	1.88101
5.45904	1.77516
4.99569	1.32668
5.2312	1.50089
5.09067	1.5827
5.54597	1.20515
5.76018	0.865921
4.98876	0.465621
5.33254	0.354942
5.3569	0.146297
5.2989	0.029128
4.91526	-0.0662607
5.16583	-0.182304
5.31217	-0.0175271
5.24731	0.565437
5.15456	1.11629
4.5863	1.4128
5.4873	1.4927
5.92636	1.58342
6.37258	1.49492
6.2874	1.50097
6.23511	1.57895
6.62213	1.45032
6.67953	1.35043
6.71118	1.16675
6.23967	1.16638
6.62847	1.13209
6.66099	1.1395
6.5064	1.1002
6.27337	0.942151
5.97891	0.750485
6.0892	0.719841
5.49777	0.780384
4.89195	0.957093
4.05745	1.26899
4.25886	1.28875
4.31604	1.37577
4.20218	1.44214
4.08227	1.41118
3.36901	1.11705
3.92625	1.49322
3.81655	1.6384
3.84207	1.57063
3.51404	1.29933
3.78324	1.29378
3.78825	1.39538
3.68454	1.37879
3.61033	1.34896
3.24042	0.989039
3.62727	1.1519
3.62347	1.27929
3.40056	1.34912
3.01961	1.26257
2.98819	1.02635
3.64989	0.673109
4.55484	0.121649
4.74214	-0.164785
3.96723	-0.515586
4.54108	-0.879252
4.89606	-0.844233
5.16038	-0.85679
5.12793	-0.975503
4.71368	-1.10164
5.13214	-1.12045
5.15943	-1.04045
5.18173	-0.943484
4.62929	-0.9371
4.7765	-1.01735
4.90694	-0.897965
4.81875	-0.775005
4.56081	-0.748269
3.87919	-0.574824
4.43533	-0.464919
4.45967	-0.476079
4.39897	-0.449898
3.95508	-0.418765
4.1118	-0.452163
4.19621	-0.257918
4.0972	-0.0938171
3.86297	0.0643736
3.06664	0.210502
3.60554	0.445499
3.44849	0.491793
2.59817	0.821033
2.84757	0.692623
2.30204	0.633808
2.70611	0.671015
2.91563	0.612211
2.94615	0.76292
2.90815	0.640606
2.32479	0.519062
2.91667	0.371507
3.02616	0.404146
2.98304	0.396431
2.47871	0.426151
2.74349	0.284877
2.93356	0.482883
2.98905	0.490085
2.83994	0.293241
2.23953	0.255383
2.9519	0.539261
4.32569	0.679029
5.25794	0.77679
5.26158	0.775167
4.7372	0.570042
5.76228	1.45494
6.65027	1.52848
7.06172	1.32081
6.87118	1.2342
7.29945	1.11667
7.44248	1.11887
7.45172	1.12024
7.1828	1.16063
6.88086	1.34149
7.25547	1.31862
7.21654	1.37523
7.23099	1.37668
6.68783	1.26437
7.18335	1.3063
7.28538	1.37499
7.29065	1.30813
7.22417	1.27404
6.52675	1.25869
7.23104	1.18466
7.20655	1.07924
7.01254	1.08438
6.36963	1.20188
5.34842	1.26012
5.59701	1.32372
5.53781	1.15628
5.53271	1.1065
4.85161	1.04387
5.57412	1.22826
5.82247	1.34267
6.30844	1.22189
6.48524	1.00334
6.66501	0.783841
7.20009	0.591184
7.2918	0.441884
7.30329	0.381912
6.69638	0.227311
7.20063	0.260974
7.25664	0.224041
7.10706	0.302757
6.66327	0.542633
5.60782	0.894998
5.93318	1.00737
5.58448	0.64134
5.33156	0.289548
4.61446	0.3773
5.31764	0.248673
5.64781	0.540011
5.90733	1.07545
5.80872	1.5868
5.75809	1.68127
6.71024	1.53839
7.12762	1.27989
7.26134	1.11347
7.13209	0.94919
6.9288	1.05528
6.90997	1.10441
6.27998	1.08744
5.0442	1.19369
3.70047	1.3665
4.08852	1.47996
3.95249	1.49507
3.82311	1.34259
3.38632	1.02828
3.0481	0.972699
3.44802	1.0913
3.54818	1.06187
3.35521	1.04452
2.67875	0.844044
3.26681	1.01122
3.37316	1.0235
3.27	1.09872
2.97823	1.09445
2.67797	0.747074
3.63107	0.50039
5.075	1.17691
6.38847	1.35854
6.05205	1.26886
7.01572	1.25492
7.28341	1.161
7.33687	1.13845
7.1869	1.13292
6.91521	1.16227
7.29704	1.16601
7.21588	1.19078
7.05369	1.22688
6.60279	1.2096
6.21263	1.42028
6.24733	1.47607
5.7413	1.66448
5.29641	1.77744
4.54832	1.66135
5.056	1.88961
4.99696	1.95144
5.06558	1.942
5.58187	1.52902
5.51932	1.44677
5.29863	1.93109
5.40652	1.85743
5.53575	1.71618
4.74832	1.64849
5.5551	1.71595
5.59329	1.76669
5.55727	1.59938
5.42022	1.4596
4.89784	1.22955
5.33718	1.27847
5.30349	1.29338
5.24781	1.13099
4.74052	1.06811
5.11931	1.01076
5.04974	1.03126
4.95486	1.06799
4.86975	1.03189
4.67105	0.978631
4.88206	1.25095
5.02277	1.34782
5.45863	1.32246
5.73598	0.787013
5.805	0.865744
5.75114	1.40891
5.69089	1.46277
5.47474	1.53847
5.0216	1.50185
5.4228	1.4493
5.43672	1.43088
5.34283	1.36388
5.02197	1.32486
4.69525	1.31998
4.9245	1.3609
5.06829	1.24902
5.50979	1.08347
5.36385	1.054
6.12346	0.988183
6.47722	1.01464
6.56351	1.02067
6.47562	0.897746
6.19836	0.722872
6.66884	0.727248
6.63292	0.63627
6.54391	0.632705
6.04401	0.598338
6.21029	0.690006
6.15922	0.811934
5.8405	1.02216
5.38407	1.13161
4.61365	0.946035
5.35631	0.915203
5.23849	0.927864
4.89712	1.17346
4.30891	1.26301
3.81185	1.27643
3.92266	1.27235
3.8048	1.22018
3.57104	0.947226
2.90505	0.769775
3.36015	0.725022
3.30836	0.812784
3.28861	0.764118
3.04212	0.722748
2.71439	0.680375
3.01721	0.722124
2.9658	0.7064
3.04596	0.640025
2.5661	0.511887
2.95102	0.612506
3.0783	0.751397
3.06858	0.636404
2.9068	0.555267
2.36639	0.710998
2.91404	0.682528
2.70582	0.735231
3.07535	0.582256
2.56949	0.52107
3.02679	0.448789
3.14146	0.52597
3.14608	0.45308
3.03797	0.643826
2.88326	0.880005
3.69154	1.35495
3.96484	1.6896
4.14455	1.81139
3.99652	1.40417
4.34632	1.85456
4.55206	2.16983
4.94946	2.00688
5.45954	1.69997
5.56291	1.54615
6.09731	1.62961
6.49171	1.51242
6.7698	1.42813
6.63735	1.35145
6.63924	1.31784
7.06764	1.34356
7.07981	1.46916
6.86528	1.52185
6.18355	1.26345
5.67148	2.01714
5.65514	1.83638
5.61385	1.58334
5.59218	1.36548
5.25703	1.175
5.36098	1.48512
5.1135	1.57588
4.74704	1.62173
3.95269	1.77167
4.67769	1.51245
5.89678	1.11593
6.49164	1.65157
6.78117	1.49971
6.20124	1.18226
6.28122	2.04586
6.01576	2.03945
6.40919	1.89749
6.22353	1.74692
6.53033	1.80435
6.821	1.74277
6.93363	1.59602
6.9891	1.52055
6.1817	1.55435
7.10524	1.34659
7.2307	1.1807
7.23929	1.15669
6.89952	1.13195
6.86646	0.991134
7.13181	0.911104
6.88028	0.718486
6.25676	0.513278
5.81211	0.484794
6.02272	0.542573
6.10762	0.640657
6.05212	0.676201
5.67566	0.688411
5.51966	0.85387
6.00294	0.715537
6.38625	0.722077
6.6338	0.891264
6.4959	0.856463
6.74132	0.994121
6.81485	1.1545
6.78623	1.28096
6.65488	1.32698
6.14513	1.24785
6.37685	1.43312
6.00085	1.49383
5.38766	1.62389
4.52169	1.74406
4.1384	1.68218
4.23679	1.72126
3.97299	1.4891
3.79584	1.26108
3.31875	1.12752
4.23606	1.50835
4.99684	1.63623
5.84506	1.48683
6.68336	0.716533
6.8956	0.921607
6.94822	1.31851
7.00318	1.46164
6.48688	1.50809
5.22226	1.27679
6.07991	1.09788
6.95723	1.15275
7.14255	1.15317
6.74891	1.25944
5.54338	1.49008
5.75362	1.33263
4.45506	1.37393
3.87466	1.36456
3.31624	1.25968
3.72379	1.06995
4.7657	1.12935
5.50082	0.980344
5.50073	0.741939
5.3675	1.39921
6.44611	1.22208
6.80891	1.0653
6.81919	1.0889
6.40176	1.00094
6.56401	1.1364
6.60732	1.17714
6.20479	1.19602
5.34439	1.22048
4.0569	1.12362
3.794	1.14483
3.71941	1.23578
4.93843	0.770492
5.80223	0.995273
5.74383	0.718083
6.19487	1.33376
6.75566	1.50523
6.80666	1.42578
6.1186	0.86148
6.25714	1.01158
6.19518	1.53243
6.94396	1.26225
6.96869	1.12596
6.87608	1.06719
7.27273	0.995526
7.21477	0.883695
7.04391	0.77117
6.31592	0.760973
6.65803	0.628066
6.70838	0.448955
6.55074	0.225141
6.40604	0.137831
5.85898	0.185731
6.54007	0.0680479
6.64855	0.0347245
6.82074	0.148246
6.43742	0.238906
6.79161	0.328158
7.03687	0.503889
7.17926	0.664046
7.32875	0.595911
7.02015	0.747684
7.46041	0.53621
7.38149	0.68341
7.14293	0.869746
6.39857	1.10466
5.28206	1.14851
5.5086	1.29781
5.5168	1.36648
5.49902	1.36107
4.75048	1.28497
5.41378	1.43845
5.32328	1.59842
5.14497	1.66056
4.82577	1.65543
4.52893	1.61997
4.74627	1.75597
4.42236	1.62811
3.9743	1.54303
3.2175	1.25975
3.47047	1.03329
3.9251	1.09163
5.37358	1.03768
5.82819	1.07458
5.37989	1.50568
6.24409	1.39027
6.73367	1.36332
6.76356	1.45614
6.51404	1.65692
6.50388	1.29892
6.80983	1.08183
6.5498	0.94296
6.05716	0.823635
5.39359	0.653015
5.67928	0.5909
5.63417	0.252908
5.48614	-0.0978335
5.27365	-0.179679
4.97668	-0.14415
5.53972	-0.0540764
5.83481	0.405449
6.17429	0.830337
5.67611	0.786992
6.39214	1.01936
6.70508	1.11043
6.95712	1.00971
6.93717	0.891056
6.48052	0.944004
6.99568	0.919402
6.76176	1.05744
6.19279	1.27262
5.00746	1.39156
4.91355	1.50597
5.0669	1.44862
4.97963	1.50463
4.7142	1.63288
4.48649	1.14264
4.77033	1.29224
4.43934	1.61551
4.2058	1.7168
4.00813	1.33062
3.78066	1.27258
3.7485	1.58171
3.51712	1.15967
3.34998	0.906767
2.69295	0.750211
4.62481	0.761389
5.98872	0.868034
6.49038	1.27029
6.10094	1.60182
6.79845	1.26136
7.08905	1.1364
7.04904	1.17255
6.90959	1.24605
6.47645	1.12383
6.70723	1.19735
6.57573	1.23571
5.94848	1.35526
5.1544	1.5854
4.75956	1.26414
4.76317	1.81933
4.70786	1.80114
4.66077	1.70373
4.56959	1.06027
4.66514	1.07672
4.28955	1.77111
4.03551	1.64508
3.61285	1.37223
2.97891	1.07259
4.28813	0.979369
5.20084	0.979824
5.34523	1.23173
4.9618	1.0957
6.05789	1.82832
6.84017	1.64032
7.1497	1.45925
7.17533	1.32733
6.95205	0.997593
7.28883	1.14896
7.15268	1.37168
6.94963	1.36553
6.46496	1.46209
5.52636	1.64077
5.56929	1.50389
4.82447	1.41548
5.20312	1.13692
4.91649	0.964068
5.72763	1.10656
6.08914	1.04072
6.11048	1.03698
5.84329	1.08607
5.44705	1.22
5.7951	1.18411
5.56079	1.47003
5.06228	1.69893
4.42526	1.35569
4.35965	1.46535
4.38171	1.58487
4.24919	1.60054
4.06584	1.45893
3.67326	1.3431
4.15428	1.57149
4.67278	1.35019
5.23234	0.571002
4.42487	-0.196391
5.68661	-0.0330888
5.54762	-0.490124
5.34975	-1.05131
5.45548	-0.92303
4.97058	-0.866449
5.74065	-0.906012
5.69053	-0.751679
5.42816	-0.587386
4.95813	-0.521126
4.54748	-0.0825413
5.00207	0.316808
5.49661	0.885248
5.8449	0.798226
5.06456	0.888535
5.74481	0.703187
5.70004	0.599276
5.34471	0.531603
4.70097	0.593667
3.75797	0.618122
3.77362	1.00825
3.49438	0.87607
3.38641	0.732657
2.77398	0.641863
4.10328	0.701306
4.82612	0.776204
5.20409	0.814148
5.52254	0.773698
4.86491	0.479319
5.37888	1.00366
5.24629	1.49858
5.29978	1.65249
4.67673	1.68466
4.8946	1.94859
4.90115	1.95067
4.79271	1.81127
4.99236	1.46168
4.59338	1.31435
5.07418	1.64816
5.11329	1.75687
5.08515	1.70596
4.60588	1.6627
4.74838	1.5774
5.02439	1.53428
4.9191	1.57884
4.51618	1.6394
3.72236	1.58615
3.85294	1.54498
3.94167	1.49657
3.89357	1.1805
3.82927	0.91521
3.33657	0.799836
3.72353	0.842649
3.44971	0.794499
3.28576	0.626488
2.68678	0.488408
3.02007	0.705597
3.19514	0.657371
3.16503	0.613593
3.0767	0.387794
2.64781	0.428463
3.11512	0.683849
3.07351	0.62066
2.96957	0.580956
2.58203	0.533476
2.8236	0.607314
3.05564	0.587394
3.14365	0.546697
3.01415	0.627209
2.33292	0.645306
2.96511	0.650067
3.01046	0.571573
5.04674	1.65264
5.00591	1.98506
5.06536	1.50537
5.36561	1.67227
5.46301	1.71467
5.66187	1.63583
5.52036	1.70698
5.33849	1.45417
5.40914	1.56331
4.25154	2.0447
3.87599	1.7779
3.42256	1.50165
3.50673	1.24198
4.88866	0.561839
5.69587	0.233217
5.94582	-0.0874627
5.46433	-0.358808
5.67681	-0.450728
5.76994	-0.797772
5.90746	-0.774405
5.65852	-0.700397
5.43136	-0.606968
5.8225	-0.537586
5.77386	0.160621
6.10251	0.975066
6.09842	1.04361
6.666	0.849292
6.82006	0.770777
6.65988	0.78541
6.08053	0.904948
4.92628	1.12134
4.83901	1.32178
4.12355	1.18087
3.93363	1.17078
3.34484	1.11488
4.2314	0.597901
5.20352	0.474429
5.93402	1.07847
6.45865	1.16347
6.64395	0.918135
7.37306	0.859034
7.44507	0.673573
7.22095	0.501556
6.40462	0.474169
5.46159	0.999885
5.31322	1.42317
5.4648	1.20943
5.50249	1.10408
5.92932	0.377314
6.76952	0.138343
6.99365	0.174543
6.9306	0.386926
6.59172	0.614959
6.08007	1.02249
6.52349	1.11496
6.35483	1.34602
6.14437	1.48585
5.47905	1.39526
5.76962	1.61339
5.45704	1.69745
4.87408	1.79911
4.32429	1.85331
3.67259	1.4823
4.08679	1.59355
3.90617	1.35122
3.81686	1.08259
3.27112	0.935494
3.87661	0.400745
4.527	0.609372
4.92059	1.35972
4.72599	1.78173
5.031	2.08242
5.27172	2.21834
4.79477	2.30484
5.16462	2.07692
5.00364	1.94584
5.48897	2.06359
5.99942	2.03062
6.22136	1.88975
6.22411	1.79775
6.04642	1.20914
6.45333	1.41693
6.06721	1.96373
6.15407	1.91177
6.43146	1.25663
6.35009	1.1595
6.42416	1.71837
6.50641	1.59558
6.48075	1.39825
6.15279	1.19175
6.61295	1.07338
6.80845	0.925208
6.89857	0.862715
6.98463	0.839322
6.73038	0.877483
7.36683	0.760235
7.44548	0.66534
7.42587	0.700032
6.85686	0.641245
7.16184	0.865816
7.15502	0.930819
6.89651	1.14088
6.35715	1.38062
5.55109	1.32618
5.65593	1.31403
5.57657	1.38164
5.62659	1.45308
5.10741	1.42833
5.64634	1.65816
6.17808	1.48604
6.4575	1.37245
6.47567	1.34533
5.79785	1.35195
6.49429	1.42427
6.21459	1.56559
5.90357	1.23994
5.33297	0.687399
5.54587	-0.438342
5.94409	-0.488166
5.91238	-0.381457
5.85594	-0.204811
5.19391	-0.177668
5.41885	-0.513514
5.09675	-0.216148
4.28112	0.226311
3.40671	0.684908
2.96894	0.636089
3.43202	0.628869
3.47469	0.666366
3.65041	0.602316
3.37133	0.526198
4.49804	1.21137
5.43559	1.99587
6.11759	2.06899
6.55066	1.65546
6.22252	1.37181
6.42739	2.06459
6.22506	2.24272
5.79742	2.05476
4.88681	1.81069
4.36978	1.71998
4.99221	1.57497
5.40137	1.49767
5.17145	1.5643
4.00575	1.53786
4.01901	1.37217
3.69431	1.52603
3.58724	1.46374
3.25949	1.32246
3.93072	0.252512
4.9874	-0.00647095
5.47414	0.115574
5.4728	0.430675
4.64431	0.530621
5.03816	0.859448
5.14342	1.00639
5.64329	1.30046
5.61359	1.71456
4.96037	2.17315
5.46824	2.29391
5.46285	2.22091
5.30217	2.01834
4.53781	1.92599
4.9341	1.89017
5.14531	1.79552
5.36027	1.71997
5.3268	1.73265
5.43347	1.53028
5.83276	1.66091
5.99535	1.67436
6.23847	1.57762
6.59797	1.20652
6.60446	1.17149
6.52238	1.33019
6.53214	1.30672
6.3803	1.3149
5.88438	1.40715
6.1732	1.57728
6.11077	1.65616
5.96892	1.70534
5.8487	1.51529
5.5861	1.27905
5.82979	1.51848
5.51325	1.45513
5.29887	1.491
4.80387	1.40324
4.98674	1.49057
5.06149	1.44975
5.05736	1.37466
4.91251	1.06887
4.76227	1.17335
5.05391	1.2476
5.25832	1.08562
5.67544	0.962645
5.06304	1.02193
5.93791	0.996812
6.15094	1.08797
6.27318	1.14228
6.31848	1.19737
5.73929	1.2285
6.29622	1.19681
6.30906	1.20895
6.23093	1.26487
5.86715	1.20393
6.11955	1.1702
5.84517	1.38131
5.44904	1.56386
5.06285	1.63695
4.36535	1.71835
4.74958	1.753
4.48109	1.78538
3.9324	1.67754
3.33538	1.19851
3.10202	0.956388
3.33413	1.05181
3.35967	0.971807
3.4097	0.917038
2.77241	0.906191
3.15027	0.740972
3.24869	0.875594
3.25378	0.949841
3.01492	0.796689
2.71064	0.646911
3.08786	0.748155
2.57675	0.522843
2.98722	0.586973
2.4942	0.512435
2.97821	0.458963
3.14936	0.493402
3.07478	0.532682
2.92429	0.546732
2.43274	0.502765
3.02501	0.427296
3.1323	0.525476
3.24109	0.591567
2.85786	0.520127
2.951	0.488177
3.34581	0.306437
3.64511	0.160492
3.8503	0.234133
3.27578	0.244443
3.88079	0.152759
4.28808	0.12113
4.85818	0.0322327
4.7915	-0.11209
5.16999	0.119597
5.50873	0.11872
5.52679	0.43744
6.08684	0.42553
5.86816	0.399931
6.50902	0.358643
6.57297	0.370708
6.29047	0.538728
5.59362	0.896962
4.95475	0.950412
5.06855	1.32699
5.11754	1.28725
5.09572	1.34528
4.54767	1.27867
5.0066	1.42576
4.90752	1.47543
4.92914	1.25926
5.20797	0.99607
4.19813	0.621911
5.24476	0.634239
5.48568	0.295453
5.79203	0.241732
5.35942	0.332747
5.62772	0.982468
6.06198	1.14864
6.44566	1.3043
6.61566	1.30118
6.51654	1.13674
7.03427	1.11154
7.09656	1.11676
6.9262	1.24842
6.37652	1.33543
5.83997	1.55821
5.99084	1.59123
5.9065	1.64177
5.99684	1.49717
5.79928	1.3077
6.27724	1.12796
6.50673	0.917136
6.56365	0.715549
6.42446	0.58442
6.02096	0.346333
6.62247	0.270604
6.59505	0.104196
6.43561	-0.0127676
5.98233	0.14481
5.76074	0.140409
5.42475	0.242098
4.67614	0.743792
4.34109	1.05958
4.00215	1.00753
4.02797	1.26074
3.96514	1.33386
3.84242	1.33567
3.41395	1.25041
3.551	0.983414
4.89321	0.458165
5.48447	0.0300722
5.45781	-0.123418
4.83895	-0.235048
5.74159	0.367169
6.34481	0.968438
7.04712	0.917935
6.91646	0.836273
7.25812	0.778184
7.67914	0.787473
7.78496	0.76079
7.76398	0.768221
6.91745	0.87745
7.67327	0.79834
7.66437	0.74377
7.4213	0.71122
6.76152	0.723214
5.64647	0.997636
5.77995	1.02785
5.5104	1.4659
5.50977	1.43466
5.24818	1.36204
5.44341	1.30152
5.48579	1.44347
5.4001	1.47003
5.20277	1.5394
4.53435	1.44095
5.20217	1.33622
5.62815	0.768668
5.75769	0.539468
4.86078	0.334275
5.74926	0.206089
5.61418	0.258336
5.39983	0.447538
5.36606	0.391339
4.75127	0.447249
5.33951	0.341868
5.43652	0.596698
5.73561	1.222
5.33223	1.62662
6.00614	1.75614
6.49542	1.69324
6.67509	1.58353
6.78525	1.46226
6.23647	1.13288
6.69014	1.30334
6.49874	1.27356
5.81547	1.36496
5.3202	1.25976
5.10922	1.33004
5.55352	1.45033
5.70174	1.68716
6.01914	1.6891
6.06301	1.32739
6.49359	1.38922
6.93083	1.40309
7.28368	1.23178
7.39282	1.03537
6.80922	1.00626
7.55569	0.94507
7.42386	0.985668
7.08459	1.01499
6.49666	0.997241
5.61203	0.703081
5.36309	1.0875
4.39816	1.68614
4.26445	1.54604
3.88846	1.10484
4.94242	0.856565
5.00289	0.618208
5.10372	0.32196
4.85038	0.153047
4.67554	0.167485
5.11943	0.476007
5.24989	0.856512
5.29529	1.1399
4.65001	1.31637
5.30536	1.34631
5.55113	1.49108
5.87764	1.67558
5.89651	1.59143
6.15808	1.42318
6.64191	1.3949
6.95358	1.15801
7.10821	1.01584
6.62554	0.846268
6.93378	1.04589
6.76798	1.15016
6.13115	1.23557
5.32043	1.21561
4.85786	1.14002
5.01815	1.5947
5.03198	1.59101
4.99773	1.57453
4.87325	1.31067
4.91544	1.20279
5.23241	1.26677
5.18973	1.33736
5.01675	1.54004
4.39131	1.23448
4.89724	1.45167
4.725	1.63506
4.58675	1.74692
4.33865	1.56378
4.42397	1.62699
4.89561	1.65744
5.06354	1.66369
5.31755	1.5917
5.23274	1.3721
5.75374	1.46734
5.93893	1.50438
6.21474	1.48223
6.28997	1.55618
6.18147	1.44794
6.77053	1.3834
6.86661	1.25353
6.87222	1.18013
6.15784	1.22054
6.61502	1.28057
6.607	1.29039
6.47865	1.22722
6.32989	0.932721
5.54591	0.483804
5.65292	1.04391
5.00636	1.10562
4.54142	1.1321
3.98392	1.1278
4.03347	1.36532
3.99472	1.53663
4.01194	1.31132
4.07388	1.21656
3.66008	0.930568
3.97241	1.25785
3.86482	1.36541
2.35628	0.735491
2.79353	0.780141
2.40095	0.847233
3.11267	1.43425
3.61159	1.57664
4.05112	1.21872
4.25344	1.07792
3.55577	0.964529
4.37265	1.17263
4.38488	1.26345
4.31909	1.31163
4.10946	1.38765
5.04521	1.62936
5.81084	1.61368
6.29687	1.46065
6.60811	1.29055
6.02984	1.33712
6.91928	1.18921
7.06732	1.12965
7.13086	1.09655
6.76367	1.11839
6.84582	1.18515
7.10761	1.17498
7.0825	1.11585
6.93805	1.08238
6.02949	0.993811
5.98687	1.6477
5.52071	1.30943
5.62196	0.707202
5.86806	0.844246
5.50626	1.60339
6.10257	1.56857
6.05564	1.34447
5.76779	0.884809
5.08182	0.546117
5.52908	0.688363
5.72722	0.738074
5.63522	0.762727
5.35634	0.557047
4.55965	0.304998
5.05033	0.328063
5.01924	0.322843
4.84893	0.287613
4.30794	0.21461
4.011	0.0542323
4.24534	-0.0309242
4.52122	-0.148498
4.75631	0.139287
4.38116	0.67063
5.4081	0.708399
5.84069	0.755241
6.02037	0.848055
5.69109	0.952567
5.58157	1.22885
5.68303	1.38535
5.35458	1.59639
5.14559	1.64409
4.5979	1.42093
4.91251	1.38862
4.86346	1.42769
4.89465	1.3643
4.72913	1.33424
4.55058	1.45047
5.02398	1.38443
5.06177	1.38244
4.9308	1.51636
4.56879	1.26874
4.74902	1.456
4.67575	1.75539
4.35641	1.91675
3.98536	1.89007
4.35363	1.51582
5.46039	2.02764
5.83975	2.16349
6.11203	1.77382
5.98611	1.65893
5.91899	1.64805
6.31864	1.44418
6.7455	1.04736
7.13368	0.90354
6.39262	1.00306
7.25317	0.859667
7.25699	0.843471
7.18344	0.850463
7.15718	0.928978
6.90093	0.932793
6.98131	0.919569
6.8402	1.01295
6.63781	1.12903
5.67317	1.19482
6.269	1.21985
6.05251	1.26731
5.60072	1.35738
4.93189	1.56785
4.26667	1.3437
4.90679	1.36049
5.03158	1.27111
5.08109	1.28404
4.78264	1.24281
4.955	1.21702
5.17679	1.23655
5.24465	1.26188
5.21968	1.3393
5.40912	1.59127
6.21715	1.46309
6.65325	1.31071
6.89331	1.20541
6.7334	1.24176
6.67461	1.28122
7.04358	1.21316
6.87201	1.27155
6.12785	1.40694
4.82913	1.73748
5.86084	1.85585
6.6526	1.7265
6.96064	1.63027
6.95069	1.4054
6.7139	1.43236
7.08551	1.43235
7.08725	1.39515
6.97209	1.35579
6.07919	1.20761
6.36437	1.37352
5.67112	1.47212
4.39825	1.68906
3.85169	1.69891
3.5097	1.62727
4.01829	1.67785
3.96548	1.72468
3.96915	1.57392
3.62775	1.50279
3.76801	1.70047
3.89137	1.68363
3.66695	1.80785
3.52404	1.62485
2.92942	1.33823
3.99064	1.5131
5.18345	1.32593
6.07846	1.1331
5.79975	0.943738
6.44811	1.05498
6.5553	0.928888
6.37457	0.939838
6.1784	0.861598
5.74252	0.821792
6.05844	0.758497
5.96831	0.69368
5.7607	0.668012
5.16213	0.682271
4.58058	1.13443
4.41291	1.21843
4.02021	1.53599
3.84636	1.48954
3.96526	0.878587
4.05352	1.06398
3.6717	1.4648
3.67359	1.48793
3.511	1.36208
3.2354	1.56356
3.61869	1.46874
3.44505	1.5376
3.21907	1.47732
2.6307	1.3474
2.76041	0.92754
3.14939	0.793784
4.74992	0.881621
5.33812	0.977474
5.16172	1.31162
5.76629	1.46058
6.01194	1.41136
6.13925	1.1204
5.8387	0.946323
5.8781	0.861903
6.16425	0.74257
6.08469	0.701793
5.78998	0.909984
5.00578	0.950854
5.62873	0.862432
4.93029	1.23422
4.35451	1.28676
3.88251	1.29263
3.63418	1.42043
3.98862	1.37877
3.8375	1.44358
3.73841	1.51752
3.266	1.5487
3.6504	1.55862
3.85261	1.49308
3.80373	1.37555
3.52902	1.27845
3.44814	1.17736
3.84957	1.1719
3.76331	1.26462
3.59576	1.37146
3.23176	1.16901
4.36281	0.509734
4.87404	0.0624062
4.73426	-0.598839
2.6352	0.568937
2.81527	0.553479
2.40087	0.639504
2.85482	0.491349
2.95119	0.520922
2.87621	0.480716
2.6729	0.513509
2.21577	0.3317
2.82415	0.416212
3.22435	0.302847
4.8241	0.372382
4.79272	0.183686
5.29201	0.987055
5.99138	1.33506
6.66599	1.26837
6.84092	1.15957
6.74636	0.908532
7.17003	0.939138
7.31441	0.88209
7.34415	0.842783
6.98911	0.793597
6.6218	0.736284
6.45852	0.908255
5.64637	1.27928
5.85065	1.05829
6.09815	0.773804
7.12854	0.675708
7.48733	0.70177
7.54776	0.756182
7.52099	0.770397
7.08322	0.710872
7.56434	0.794262
7.50421	0.807111
7.38241	0.814358
6.99023	0.791663
6.90192	0.841164
6.79222	0.907849
6.30487	1.06136
5.95799	1.05031
5.78216	0.898784
6.19776	0.837745
6.34819	0.569497
6.51604	0.293516
6.22672	0.0874419
6.34354	0.0196082
6.6138	-0.0447125
6.68657	0.0148361
6.69461	0.0728708
6.51864	0.226264
7.04663	0.191735
7.25084	0.244824
7.42458	0.367023
7.14491	0.370602
7.29118	0.508232
7.62766	0.6517
7.62638	0.808711
7.51023	0.876016
7.04124	1.11188
7.2811	1.0923
7.15472	1.35206
6.70631	1.78942
6.25695	1.8426
6.24102	1.15574
6.25318	1.21058
4.99605	1.62177
4.25157	1.04682
3.51638	0.881892
3.78386	0.738759
3.9228	0.933895
3.79042	0.88688
3.58255	0.780237
4.79556	0.140801
5.68751	0.212557
5.44243	0.376663
4.31618	0.738842
3.22509	0.935024
3.13186	0.729664
3.31803	0.768028
3.68608	1.2538
4.51807	1.52448
4.36412	0.532117
4.96771	1.17527
5.06415	1.71008
5.72309	1.73138
5.61642	1.65043
5.62036	1.63773
5.56015	1.7413
5.20341	1.81524
4.99255	1.81178
4.44101	1.44531
4.86677	1.7177
4.93689	1.69152
4.80155	1.74246
4.49643	1.51015
3.86141	1.26181
3.75762	1.51808
4.49298	0.317651
5.15315	-0.515309
4.87229	-0.55756
5.42532	-0.908998
5.42364	-0.987138
5.40786	-0.87527
5.25495	-0.8891
4.80401	-0.846314
5.33305	-0.854686
5.44407	-0.80179
5.37414	-0.739734
4.8159	-0.682914
4.70389	-0.319846
5.22188	0.160367
5.93724	0.424858
6.29004	0.261949
5.51809	0.328917
6.32426	0.111644
6.27615	0.102786
6.10635	0.0958337
5.9782	0.451172
5.8389	0.447278
5.67144	0.0910472
5.56362	0.155074
5.57538	0.232691
4.95524	0.294876
5.67845	0.130082
5.97956	0.0517185
6.22609	0.161946
6.29137	0.261606
5.96237	0.49404
6.34257	0.683228
5.78472	0.954534
4.60981	1.28507
3.64102	1.50265
3.47606	1.2487
3.52908	1.26358
3.39813	1.12348
3.26654	0.961919
3.01995	0.664985
3.80443	0.72465
4.53307	1.269
4.91482	1.54722
4.46034	1.69701
5.02608	1.26025
5.48925	1.29505
5.42071	1.33832
5.04402	1.43426
4.43983	1.2163
4.98509	0.815502
5.21265	0.228816
5.23459	-0.322933
5.03239	-0.454672
4.99974	-0.548171
5.40273	-0.664352
5.49413	-0.685667
5.4496	-0.705548
4.78585	-0.81851
5.41381	-0.651211
5.49513	-0.635908
5.27447	-0.642917
4.79435	-0.512759
4.1642	0.0541502
5.22947	0.344248
5.87573	0.322974
6.15425	0.249137
5.70162	0.193304
5.87299	0.510686
5.98861	0.599319
5.75695	0.868368
5.10179	1.1435
3.93296	1.17451
3.96734	1.19355
3.50313	1.0275
3.40018	0.883739
2.89726	0.828413
3.01092	0.780225
3.26131	0.81417
3.44032	0.815521
4.0835	0.7497
3.85595	0.689358
4.55248	1.07863
4.56614	1.71697
4.88828	1.65924
4.74246	1.47976
4.90254	1.56103
5.21038	1.52807
4.9371	1.65115
4.95726	1.58405
4.5272	1.31093
5.11855	1.49995
5.20629	1.55293
5.07168	1.635
5.2799	0.945059
5.22586	0.775045
5.08299	1.64447
4.95183	1.58142
4.61409	1.65792
4.03003	1.3325
4.20371	1.49984
4.10126	1.61827
3.92397	1.54337
2.11398	0.456717
2.43609	0.4725
2.036	0.64043
2.33041	0.481886
2.52605	0.449555
2.48095	0.391348
2.36459	0.509012
1.94853	0.460628
2.42261	0.503957
2.71577	1.15075
3.20812	1.65982
3.03475	1.81605
3.25299	1.80402
3.78564	1.86871
4.17332	1.79033
4.49444	1.75573
4.09659	1.5852
4.85206	1.6418
4.92285	1.55685
4.9116	1.5638
4.65463	1.59665
4.44777	1.48971
4.9576	1.40008
4.99949	1.35489
4.97841	1.40133
4.25645	1.29725
4.84293	1.46881
4.6937	1.56514
4.40294	1.68251
4.01907	1.64076
3.65118	1.07882
3.77418	1.28123
3.13747	1.39517
2.90937	1.16381
2.2873	1.06514
2.59864	0.846677
2.7214	0.858783
2.88498	0.869187
3.16977	0.519622
3.86198	1.45303
5.68225	1.26272
6.71026	1.09134
7.07955	1.00053
6.92728	1.02595
7.11166	1.04379
7.40816	0.972679
7.49137	0.955664
7.55475	1.04735
7.07266	0.989746
7.47675	0.964272
7.36598	1.07267
7.12783	1.0497
6.53922	0.903861
5.3199	0.592248
6.15567	0.8447
6.66158	1.14501
6.71593	1.04929
6.28404	1.02923
6.11908	1.16568
5.12578	1.48674
4.13368	1.47413
3.83354	1.30306
3.38255	1.23377
3.88743	1.5075
4.03059	1.73381
4.43555	1.71248
3.99606	1.65943
4.77062	1.48392
4.92938	1.52912
4.88493	1.58332
4.77064	1.53501
4.52204	1.42412
4.94264	1.48672
4.93387	1.52583
5.39842	1.43401
5.05528	1.22472
6.01183	1.38193
6.51458	1.17968
6.79035	1.03198
6.78888	0.92118
6.42244	0.875773
6.87276	0.854991
6.85142	0.87183
6.6603	0.947597
6.09146	0.99312
4.81441	1.21252
5.43628	1.05645
5.99108	0.519013
6.2375	0.278797
6.0106	0.0713971
6.19115	0.101158
6.13442	0.0765104
6.10353	0.0672385
5.9493	0.164055
5.62696	0.278427
6.00906	0.0847157
5.98816	0.144009
6.05742	0.232308
5.53918	0.454566
6.10691	0.432477
6.33665	0.477664
6.50183	0.549728
6.44728	0.661633
6.25268	0.776171
6.65363	0.967204
6.63626	1.15426
6.63243	1.11538
6.18149	0.98523
6.38702	1.14473
6.48167	1.08561
6.23716	1.25761
6.09666	1.41553
5.40445	1.29293
5.74677	1.5941
5.41553	1.83432
4.81107	1.75333
4.08905	1.25771
3.73594	0.659483
4.17205	0.659793
4.22176	0.507167
4.10938	0.557317
3.38345	0.655233
3.83545	0.575838
3.98171	0.496339
4.13346	0.51284
3.94201	0.620456
3.61429	0.588522
4.1679	0.637658
4.38639	1.32452
4.88607	1.59681
4.33859	1.61972
5.40482	1.41544
5.63896	1.4357
5.72525	1.51724
5.39667	1.69727
4.37982	1.51193
4.70957	1.76381
4.55826	1.6279
4.45666	1.57712
4.04824	1.38791
4.24698	1.43436
4.27902	1.52473
4.05723	1.50325
3.52041	1.58564
3.51826	0.907875
5.03032	0.258008
5.53482	0.0855041
5.07437	0.107101
4.25417	0.282114
3.82983	0.504339
4.33293	0.623212
4.76746	0.88562
5.29272	0.950859
4.74685	1.01272
5.7946	1.00922
6.1691	0.951781
6.36787	0.929232
6.37273	0.985837
5.98497	0.963962
6.49357	0.909345
6.42902	0.889348
6.29001	0.922068
5.63038	0.921629
5.85562	1.31796
5.90405	1.39927
5.71079	1.65094
5.38301	1.82213
4.67563	1.74205
4.77006	1.84357
4.44903	1.72922
4.33018	1.60232
4.37704	1.06487
4.43782	1.19312
4.58577	1.33334
4.54751	1.35486
4.5256	1.33269
4.57798	1.38329
5.53054	1.35918
6.02135	1.20808
6.20579	1.14248
6.15149	1.32142
6.05142	1.18087
6.37903	1.0354
6.41089	0.988309
6.38817	1.01026
6.05717	0.717898
6.46168	0.772976
6.1878	1.2649
6.0516	1.28013
5.92512	1.2639
5.07061	1.36523
5.70643	1.37914
5.18047	1.595
4.36326	1.32569
3.0949	0.697618
3.88136	0.951513
4.3697	1.32689
4.42719	1.68809
3.93589	1.63689
2.91687	0.990155
3.47185	0.594175
3.78	0.687635
3.91797	0.533594
3.53257	0.367487
2.41648	0.695696
2.74583	0.655006
2.30307	0.577453
2.53487	0.411758
2.69761	0.408032
2.76197	0.597902
2.6721	0.662771
2.192	0.471135
2.73854	0.652717
2.80435	0.5732
2.73565	0.622099
2.22107	0.672833
2.63154	0.947892
3.50067	0.958937
4.21535	0.655282
4.53072	0.779684
4.4658	0.604421
4.90709	0.528432
5.43648	0.378419
5.86497	0.306755
5.75668	0.336
6.04107	0.312477
6.5287	0.379678
6.82172	0.412182
7.10456	0.489636
6.54962	0.562907
7.21148	0.448346
7.32247	0.442915
7.29557	0.457908
7.10632	0.441909
6.48899	0.608164
6.84962	0.510462
6.3008	0.681973
5.91673	0.314797
5.26201	0.114562
5.6036	-0.245572
5.70344	-0.334889
5.62531	-0.365158
5.5606	-0.418314
5.24534	-0.369807
5.88494	-0.287702
6.19056	0.139371
6.61741	0.319148
6.46502	0.25572
6.8585	0.268651
7.12661	0.301892
7.17353	0.350669
7.12329	0.347542
6.39207	0.566919
7.03004	0.422987
7.00621	0.302294
6.76056	0.196018
6.09357	0.217451
5.23627	0.839967
5.32929	1.27247
5.17829	1.55909
5.40171	1.14804
5.01456	0.851587
5.08646	1.41584
5.10227	1.57264
4.95204	1.66501
4.89443	1.38238
4.50913	1.0933
4.58494	1.65398
4.23104	1.67894
3.94953	1.21606
3.15553	0.98848
3.99167	1.43695
5.14248	1.33204
5.42674	1.2483
5.03053	1.19491
5.23432	1.66275
6.36372	1.61782
6.82495	1.58156
6.97368	1.58419
6.70023	1.47765
6.83049	1.54577
6.82472	1.71716
6.51466	1.81565
6.29612	1.7309
5.97626	1.63599
6.12184	1.71693
5.80614	1.78915
5.53232	1.78472
5.11041	1.70818
4.58954	1.67005
4.92099	1.62485
4.91046	1.05695
4.87714	0.607874
4.24586	0.468365
4.83706	0.380674
4.9559	0.376115
4.93939	0.514108
4.73091	0.518069
4.40084	0.317794
5.00757	0.402327
5.13853	0.389861
5.12761	0.385479
4.53026	0.530678
4.98551	1.28186
6.07607	1.42486
6.74179	1.25708
6.822	1.12652
6.59197	1.14412
7.08055	1.084
7.11085	1.05731
7.14872	1.00494
6.71012	0.929194
6.89977	1.02566
7.08768	1.01376
7.00577	1.02936
6.80384	1.11016
5.87563	1.23506
6.34348	1.33121
5.71066	1.46854
5.23207	1.37729
4.88211	1.25508
4.93684	1.45239
5.31079	1.44995
5.55464	1.3876
5.63864	1.39005
5.71046	1.06005
6.32976	1.12998
6.69454	1.09508
6.80718	1.01503
6.66427	1.03218
6.16262	1.01277
6.6954	1.0431
6.50447	1.17061
6.27846	1.46477
5.5961	1.45609
5.91286	1.65325
5.83973	1.93258
5.62675	2.12871
5.40757	2.09344
5.07328	1.41333
5.37684	1.6081
4.94368	1.68667
4.80268	1.60361
4.42487	1.51366
4.90045	1.44705
5.28125	1.41256
5.47038	1.35416
5.49151	1.28213
5.4782	1.25859
5.9658	1.17451
6.22954	1.11409
6.41594	1.01623
6.22405	0.973695
6.02795	0.883524
5.78437	0.813335
4.4263	0.946696
3.62528	1.45692
3.08407	1.43802
4.15731	0.474066
5.4699	0.544709
6.24319	0.878612
6.52955	0.904039
6.21866	1.07761
6.67041	1.13292
6.51374	1.27787
6.30748	1.36442
5.85458	1.38971
5.42283	1.51307
5.19165	1.71757
4.83567	1.6512
4.84976	1.29684
4.50671	1.11347
4.69184	1.50435
4.66967	1.51135
4.58314	1.64407
4.31149	1.53395
4.08218	1.64233
4.28446	1.88702
4.18093	2.02649
4.04486	1.98001
4.12703	2.36612
5.39627	2.31315
5.80311	2.17236
5.86407	1.96342
5.80269	1.8854
5.78214	1.50123
6.38032	1.4981
6.72999	1.33599
6.95784	1.08919
6.61867	0.862477
6.76024	1.32654
6.80775	1.23645
6.77249	1.21502
6.56423	1.19956
5.88495	1.29678
6.50245	1.16588
6.32341	1.15666
6.09346	1.15597
5.49245	1.17851
5.00198	1.37756
4.70955	1.49172
3.99519	1.70578
3.98492	1.59777
3.47028	1.5276
3.91409	1.63121
3.75895	1.58872
3.80458	1.62495
3.52878	1.59664
3.53924	1.56731
3.75606	1.42365
3.64259	1.40571
3.32675	1.41504
2.80817	1.20364
3.28464	1.46509
3.29617	1.47257
3.41884	1.47738
3.24978	1.26169
2.98428	1.04913
3.19292	1.22475
3.10569	1.162
3.11077	0.970011
2.53434	0.733909
2.96067	0.838256
2.98105	0.630762
2.98949	0.605249
2.79208	0.685447
2.3151	0.683811
2.84042	0.759086
2.55658	0.586095
2.77989	0.725388
2.35335	0.689398
2.83867	0.497369
3.15167	0.251635
3.10293	0.381703
2.89933	0.470111
2.19007	0.462452
2.85076	0.398245
2.98709	0.502977
3.00968	0.497826
2.60497	0.44777
2.72189	0.507593
2.97344	0.693679
3.34954	1.32501
3.83553	1.64843
3.3924	1.47395
3.97802	1.87271
4.15154	2.04733
4.63759	2.00634
4.95394	1.75877
5.24117	1.33324
5.57322	1.63418
5.85694	1.65682
5.94593	1.70664
5.43235	1.76249
5.35605	1.92542
5.58482	1.93295
5.79364	1.70605
5.83127	1.50183
5.60885	1.30645
6.49996	1.24514
6.82995	1.17765
7.01336	1.14563
6.4512	1.08381
7.05525	1.08051
7.30243	1.01382
7.3857	0.932929
7.24151	0.890793
6.90457	0.937173
7.12917	0.944965
6.80477	1.06573
6.21852	1.35159
5.68937	1.19738
5.51669	0.29877
5.8647	0.246774
5.67867	-0.056766
5.54063	-0.176175
4.84164	-0.203767
5.45797	-0.218091
5.71298	0.0624318
5.84266	0.603599
5.55861	0.746638
5.71372	1.15218
6.40137	1.12935
6.77862	1.04619
6.8427	1.01008
6.04743	0.958902
6.72253	1.02585
6.66793	0.984372
6.62816	0.905228
6.46436	0.768119
6.52012	0.68964
6.86635	0.774441
6.91886	0.823976
6.97483	0.796104
6.53967	0.706895
6.75738	0.853428
6.85011	0.895103
6.68164	1.0094
6.41151	1.06966
6.07603	0.853882
6.47225	1.01188
6.45706	1.02857
6.59015	0.98845
6.52598	1.17507
6.76261	0.945914
7.21024	0.86815
7.45102	0.773611
7.4906	0.673839
7.25773	0.648934
7.67253	0.54031
7.70464	0.499712
7.63349	0.497922
7.20136	0.475755
7.14288	0.558016
7.35204	0.557258
7.21899	0.572008
6.9881	0.707183
6.49957	0.863077
6.53341	1.0517
6.35142	1.20788
5.61898	1.47087
5.03833	1.59771
4.54586	1.458
4.84709	1.84042
4.93516	1.91003
5.53796	1.59468
5.48154	1.36592
5.45394	1.75582
5.55747	1.86981
5.80452	1.82222
6.42867	1.50182
6.12981	1.18208
6.2353	1.62526
6.32892	1.57299
6.29659	1.6119
5.89179	1.6322
6.03031	1.45301
6.04619	1.53931
5.48085	1.79255
5.35677	1.55232
4.86321	1.0399
5.31841	1.5501
5.38095	1.68437
5.32589	1.75952
5.12286	1.7191
5.10073	1.73703
5.72322	1.75042
5.98281	1.69151
6.23417	1.52431
5.71911	1.36577
6.30382	1.47714
6.4241	1.4759
6.53471	1.45876
6.4766	1.47279
6.12332	1.46966
6.70487	1.44745
6.85615	1.39253
6.95313	1.22702
6.74952	1.12696
6.91543	1.05182
6.94802	1.02023
6.68934	1.10794
6.30617	1.06022
5.67187	0.995549
6.12086	1.02911
5.9906	0.982469
5.80097	0.901469
5.71116	0.417181
5.56951	0.451165
5.38458	0.80088
5.11654	0.755193
4.98222	0.794192
4.71998	0.535517
5.43218	0.479693
5.52797	0.372646
5.6471	-0.218398
5.44404	-0.462598
5.19792	-0.190873
5.52034	-0.438682
5.43985	-0.228766
5.51929	0.181258
5.05832	0.38396
5.38938	1.16566
5.58631	1.46148
5.8214	1.47719
5.80124	1.43074
5.09419	1.47286
5.62313	1.45235
5.25673	1.57055
4.90146	1.73611
4.33118	1.46997
4.71392	1.60951
4.80744	1.59193
4.7791	1.58825
4.81818	1.46524
4.44526	1.54633
5.04988	1.70072
5.61248	1.38849
6.01062	0.839476
5.90453	0.762139
6.15062	0.443646
6.22349	0.154551
6.37874	0.0946217
6.47365	0.159613
5.75036	0.217802
6.3765	0.362596
6.15178	0.562271
5.64058	0.802138
5.44453	1.08032
5.52469	0.951331
6.14039	0.84696
6.54744	0.829816
6.75492	0.856655
6.56745	0.996657
6.94327	0.964861
7.07409	0.906949
7.09376	0.887548
7.00072	0.940296
6.49677	1.02697
6.77372	1.11786
6.23544	1.2511
5.10823	1.42137
3.87698	1.61061
3.73804	1.51004
3.92098	1.43249
3.86806	1.42133
3.73823	1.28942
3.49707	1.12201
4.52429	1.29894
4.97139	1.83668
4.92815	1.98881
4.2245	1.78057
3.92864	1.67471
4.5461	1.86424
5.39891	1.52247
5.89208	1.16238
5.54596	0.782944
6.00003	0.735997
5.62297	0.682867
4.79078	0.726467
3.72769	1.07662
3.08804	1.30724
3.54353	1.30854
3.43702	1.19905
3.39511	0.872347
3.85022	0.203788
5.485	0.12802
6.10564	0.592296
6.2361	0.801352
6.18875	0.802932
6.15185	0.796665
6.62326	0.725011
6.51969	0.696192
6.26855	0.901778
5.81839	0.712678
6.02437	0.669683
5.64359	0.952462
5.49102	0.283032
5.31043	-0.000150395
4.79938	-0.0441767
5.25056	-0.108818
5.31306	-0.00904657
5.40706	0.1807
4.97232	0.385717
5.44463	0.983039
6.23382	0.936614
6.85538	0.704317
7.19659	0.579864
6.64308	0.680567
7.21684	0.590308
7.32902	0.554053
7.33719	0.532263
6.87917	0.592591
6.97591	0.477285
7.20954	0.263231
7.07869	0.108567
6.8558	0.12473
5.93079	0.272513
6.30264	0.31298
6.01056	0.445654
5.88869	0.36062
5.57	0.384575
5.20027	0.282815
5.79702	0.457048
5.70675	0.540667
5.69088	0.139513
5.13689	0.11816
5.43543	-0.131129
5.42893	0.286746
5.28212	0.775117
5.23775	1.17092
4.73035	1.41795
5.41734	1.5111
5.56859	1.5902
5.68184	1.55532
5.60497	1.48319
5.9441	1.39546
6.54155	1.48789
6.78011	1.38095
6.9754	1.19304
6.34591	1.02627
6.92361	1.19025
6.815	1.18126
6.38415	1.22568
5.3551	1.37739
3.93929	1.73356
4.06923	1.55937
3.61734	1.53043
3.56747	1.30185
3.38701	1.32528
4.15509	1.38694
4.33111	1.54658
4.85332	1.64586
5.27069	1.6374
5.12685	1.51607
5.70715	1.51407
5.72591	1.54204
5.71458	1.53799
5.04284	1.56378
5.62535	1.5744
5.63693	1.52994
5.53976	1.40896
5.24937	1.40632
4.55861	1.32112
4.81594	1.71635
4.73667	1.74543
4.75026	1.8351
4.3237	1.58384
4.44987	1.67651
4.4804	1.91539
4.26349	1.90473
3.85533	1.72889
3.10644	1.40691
3.40985	1.17441
3.8558	1.33363
5.08642	1.20645
5.03349	1.19493
5.30473	0.878064
5.74493	1.49074
6.30896	1.70072
6.60724	1.5589
6.23285	1.16242
6.7031	1.25233
6.64693	1.32535
6.47127	1.35032
6.24558	1.29051
5.68713	1.13487
5.89994	1.39019
5.80752	1.36115
5.95291	1.35025
6.01375	1.16461
6.38882	1.14701
6.71181	1.10429
6.94116	0.918246
6.91137	0.840182
6.55929	0.940409
7.04593	0.741774
7.02654	0.713384
6.84663	0.818508
6.23017	0.878373
6.4793	1.05044
6.52038	1.0369
6.36275	1.1056
6.12015	1.23667
5.68486	1.18673
5.99129	1.20661
5.86784	1.42592
5.75396	1.46084
5.32842	1.37804
5.37727	1.15348
5.51511	1.06172
5.79263	0.503238
5.65526	-0.0213363
4.74585	-0.425774
5.35448	-0.706757
5.61082	-0.76772
5.56493	-0.881948
5.3866	-0.951727
4.91039	-1.05118
5.50753	-0.994793
5.48937	-0.747102
5.37907	-0.704542
4.80013	-0.769223
5.14444	-1.14489
5.29047	-1.13639
4.88129	-0.849893
4.27698	-0.211367
3.37788	0.28695
3.53217	0.684854
3.37782	0.548088
3.20889	0.227036
2.6723	0.20561
2.81876	0.160151
3.11517	0.265933
3.02501	0.367735
2.90631	0.38842
2.27549	0.420619
3.02397	0.56453
3.17176	0.579843
2.9859	0.554418
2.59455	0.346238
2.50829	0.477326
2.95311	0.449559
2.88362	0.424126
2.92907	0.477215
2.32791	0.458131
2.82149	0.518531
2.93307	0.494692
2.86478	0.538517
2.65703	0.573028
2.41932	0.667566
2.92189	0.549392
2.8806	0.583357
2.86357	0.567406
2.36193	0.440649
2.70636	0.421074
2.90773	0.498333
3.00494	0.571688
2.88656	0.570769
2.46994	0.550688
2.87214	0.522108
2.91471	0.518893
3.18749	0.556796
2.75107	0.891412
4.16761	1.14183
4.6865	1.53222
4.39595	1.47693
4.31536	1.15327
3.96078	1.49924
4.58702	1.24925
4.89695	1.00906
5.65235	0.902004
5.5245	0.925512
4.99423	1.1359
5.27093	1.49297
5.43485	1.61379
5.86526	1.45213
5.55067	1.14384
6.05015	1.35187
6.44638	1.07843
6.71933	0.931588
6.6061	0.991009
6.56297	0.950896
7.01052	0.950236
7.04011	0.948901
6.99161	1.00985
6.44647	1.00925
6.42344	1.20018
6.14243	1.18725
5.03546	1.23375
3.85522	1.18364
3.32313	1.09667
3.6588	0.938163
3.48164	1.00937
3.40957	0.986042
3.04313	0.867693
2.98471	0.901324
3.32584	0.868805
3.35021	0.806706
3.14646	0.723772
2.43875	0.628885
3.06689	0.877396
3.08644	0.941371
3.12342	0.88616
2.96496	0.668133
2.80376	0.357809
3.10207	0.635495
3.05152	0.681599
2.96008	0.59635
2.35778	0.661701
2.82001	0.600448
3.02414	0.715291
3.01898	0.638363
2.63207	0.527043
2.36886	0.713226
3.03205	0.669885
5.22595	1.14443
6.31157	1.07053
6.16485	1.10276
6.33485	1.22126
6.62293	1.23388
6.86836	1.19749
7.01506	1.14291
6.44899	1.20995
7.01764	1.05393
6.90627	1.20414
6.87391	1.24151
6.33332	1.19702
6.50567	1.17943
6.43882	1.32285
5.93328	1.52941
5.62492	1.46806
5.3756	1.39048
5.75646	1.36273
5.86926	1.42906
6.07761	1.31354
6.07087	1.17605
6.10695	1.06544
6.41104	0.975686
6.47297	0.85336
6.40068	0.880944
5.96751	0.981322
5.7925	1.11667
5.14321	1.22458
5.31115	1.02515
5.64676	1.13762
5.69063	1.38805
6.17602	1.47613
6.06863	1.51597
5.74518	1.53706
5.08073	1.41356
4.47071	1.14185
4.11721	1.17335
3.56901	1.01514
3.29248	1.12954
3.82623	1.1805
4.66731	1.26379
5.11819	1.71209
5.74256	1.72303
5.66841	1.42367
5.87378	1.49396
6.04	1.5452
6.05435	1.49259
6.03698	1.34554
5.7681	1.16295
6.44681	1.05186
6.56954	0.962875
6.45444	1.02706
6.06592	1.03946
5.77287	1.15311
5.90573	1.06537
5.68085	0.929513
5.48932	0.777718
5.091	1.0584
5.38576	0.660422
5.35671	0.376042
5.15271	0.375273
5.28383	0.544905
4.44838	1.07734
4.63847	0.580155
3.50488	1.11496
3.27726	0.764123
2.84224	0.613156
2.94283	0.584421
3.0443	0.704102
3.17546	0.792988
3.02248	0.828602
2.40793	0.809577
2.95986	0.761862
3.55878	-0.0139772
4.26007	-0.465914
3.95296	-0.405478
4.61057	-0.247939
5.10296	-0.293
4.96525	-0.477081
5.15789	-0.278907
4.46999	-0.236189
4.88085	-0.424493
5.05161	-0.662536
5.12372	-0.756387
4.86773	-0.728823
4.82046	-0.806869
5.16506	-0.820244
5.16345	-0.991014
5.12292	-1.14753
4.56487	-0.971017
5.06754	-0.925523
4.95759	-0.934851
4.7791	-0.940849
4.5794	-0.872612
4.33209	-0.803213
4.70991	-0.687474
4.73732	-0.663102
4.79166	-0.700058
4.19954	-0.627789
4.39377	-0.50511
4.45547	-0.483573
4.32896	-0.297027
4.07835	-0.230286
3.3527	-0.21397
3.77153	-0.0919283
3.6383	-0.0540005
3.40297	0.0874186
2.81786	0.401384
2.71953	0.487919
3.04274	0.432489
3.05187	0.451025
2.94852	0.378408
2.28512	0.413595
2.86115	0.335288
2.90133	0.454796
2.94291	0.469116
2.71647	0.43717
2.63497	0.457275
2.91487	0.527179
2.92972	0.494062
2.81136	0.519816
2.48367	0.496017
2.77039	0.396305
2.23714	0.305215
2.61458	0.690151
2.82457	0.634257
2.83752	0.585191
2.70006	0.549394
2.1869	0.396078
2.71372	0.496476
2.7432	0.581363
3.07345	0.891158
2.93156	1.03352
4.40155	0.598989
5.25825	0.456286
5.44668	0.553865
5.39013	0.944592
4.7549	0.901593
5.55326	0.820021
5.8187	0.807434
6.12366	0.873125
5.94007	0.909959
6.06799	1.00567
6.48074	1.03563
6.5049	1.13145
6.19352	1.07832
5.2995	0.985575
5.20973	0.842115
6.03312	1.09655
6.51113	1.25584
6.38334	1.18834
5.73033	1.07569
5.84521	1.19542
5.78689	1.26802
5.9911	1.1647
5.78275	1.15295
6.13533	1.17453
6.39091	1.30451
6.57484	1.23118
6.70972	1.14563
6.2288	1.12605
7.14006	1.17172
7.44906	1.11042
7.60104	1.04301
7.13178	0.979214
7.41095	0.982587
7.56877	1.02039
7.47869	1.01181
7.31681	1.0004
6.5738	0.837823
6.78683	1.22891
6.22435	1.31668
5.60968	1.33256
5.30539	1.38838
5.049	1.22128
5.44003	1.29904
5.33522	1.35838
5.31325	1.28321
4.72422	1.02426
4.96288	1.54697
5.18866	1.37098
5.92969	1.13109
6.10171	0.979245
6.51512	0.887432
6.99347	0.953698
7.08534	1.02071
7.11232	1.00608
6.72452	1.00447
6.8777	0.929415
6.89969	0.858273
6.44559	0.965611
5.83758	0.889807
5.10823	0.268971
5.62935	0.221789
5.41995	0.0968267
5.39869	-0.0148421
5.08663	-0.0727325
4.70136	0.463634
4.87457	0.913428
4.689	1.70502
5.09143	1.51032
4.65324	1.5365
5.29421	1.53243
5.6478	1.48729
6.05816	1.20449
6.10469	1.0163
6.03998	0.668299
6.59743	0.553901
6.60433	0.447632
6.36217	0.462368
5.72566	0.70165
5.59908	0.697054
5.62734	0.421357
5.40696	0.372763
5.06686	0.302533
4.61382	0.116921
5.10046	0.106362
5.28888	0.333886
5.4423	0.432025
4.87894	0.616627
4.65532	0.743072
4.53213	1.24689
4.86114	1.53609
5.55687	1.25583
5.85435	0.966084
6.54547	1.09749
6.8389	1.03916
7.02708	0.955042
7.04663	0.896951
7.07355	0.95964
7.3887	0.953212
7.44907	0.976665
7.4318	1.03414
6.56772	1.11186
7.23015	1.16447
6.89601	1.30936
6.12852	1.45645
4.98517	1.39501
4.86058	0.744562
5.80578	1.05042
6.39631	1.36689
6.36482	1.47467
5.36486	1.50811
5.34657	1.54101
5.04777	1.73673
5.44461	1.71969
5.76767	1.72111
6.05189	1.48667
6.81194	1.42082
7.06307	1.35262
7.17339	1.23776
6.74904	1.00878
6.83358	1.08256
6.53117	1.08049
5.26775	0.999626
3.78925	1.48058
3.1927	1.3427
3.75777	1.39251
4.63582	1.48072
4.90744	1.338
4.39071	1.278
5.78287	1.67057
6.6537	1.48318
6.90011	1.33437
6.90799	1.30545
6.32186	0.949466
6.78861	1.20951
6.52011	1.27642
5.77814	1.36198
4.887	1.38337
4.87749	1.41504
5.12809	1.48822
5.17127	1.59985
5.30162	1.61106
5.03368	1.59765
5.87446	1.42554
6.39661	1.32215
6.65651	1.26226
6.84093	1.31798
6.76588	1.00573
6.77372	1.17158
6.7433	1.21285
6.72196	1.2144
6.4037	1.41197
6.62736	1.16135
6.57656	1.16517
6.46688	1.19757
6.21096	1.21526
5.42574	1.27167
5.96236	1.23499
5.58897	1.28573
5.3131	1.27724
4.91084	1.37391
4.7515	1.34795
4.71431	1.414
4.38976	1.28095
4.0279	1.3346
3.00462	1.18599
3.42312	1.04254
3.26524	1.01565
3.10676	1.02936
2.86207	0.847015
2.72661	0.593656
3.75903	0.187472
4.93801	0.422312
5.33654	0.94884
4.87275	1.28207
5.4287	1.94941
5.63082	1.8548
5.59869	1.67504
5.3636	1.632
4.72386	1.58099
5.21091	1.69761
5.16761	1.62162
4.9256	1.62021
4.15263	1.63249
4.40977	1.72998
4.59274	1.54613
4.62729	1.16835
4.23559	0.9072
3.70078	0.88738
4.08993	0.979505
3.79141	0.976489
3.39554	0.830784
2.7788	0.489995
2.88091	0.554336
3.15475	0.650027
3.06626	0.620825
2.9995	0.558662
2.31541	0.61198
2.94144	0.86585
3.02115	0.866406
2.88651	0.701148
2.49399	0.566385
2.50798	0.339597
2.92621	0.481728
2.90748	0.585274
2.85648	0.582814
2.5069	0.566743
2.77512	0.418988
2.26972	0.318446
2.59083	0.434464
2.80186	0.502316
2.76318	0.54983
2.63779	0.561128
2.15555	0.434838
2.73493	0.536045
2.80493	0.537739
2.73471	0.621266
2.27759	0.659702
2.47111	0.768192
3.03995	1.10971
3.25703	1.2345
3.15194	1.16267
2.6223	1.23676
3.5632	1.43398
3.68384	1.49569
3.73391	1.69011
3.52534	1.70673
3.95165	1.5237
5.07938	1.41566
5.66923	1.32865
6.11256	1.31173
5.48698	1.19863
6.25091	1.32141
6.11602	1.39125
6.16527	1.26247
6.23339	1.04619
6.5589	1.00251
7.03878	1.10078
7.22387	1.12937
7.32836	1.11958
6.81995	1.04388
7.23532	1.11363
7.3022	1.25138
7.04954	1.45589
6.44798	1.76316
5.38885	1.78615
5.81369	1.77005
5.60902	1.24974
5.62529	0.461555
5.22628	0.314307
5.4451	0.0841714
5.81385	0.163578
5.8652	0.127257
5.79286	-0.0173069
5.22266	-0.0850436
5.63366	0.0986853
5.5494	0.0932111
5.3988	-0.154099
5.04918	-0.289645
4.71337	0.282051
5.29808	0.741072
5.60911	1.08049
5.87533	0.951449
5.65669	0.968486
6.11519	0.8537
6.30731	0.781106
6.43002	0.75417
6.36572	0.756776
5.87	1.10617
6.17398	0.968032
5.6635	0.695114
5.47546	0.111698
4.94204	-0.0227135
5.30799	-0.460803
5.58803	-0.534188
5.73267	-0.585126
5.67641	-0.500466
4.88829	-0.476712
5.15109	-0.248379
4.57457	0.0209584
3.71976	0.165407
2.84724	0.309754
3.02263	0.333599
3.35572	0.462067
3.9054	1.01863
4.27673	1.33858
4.94735	1.59707
5.90949	1.48526
6.30952	1.39966
6.53692	1.42404
6.31236	1.32218
6.2873	1.32397
6.10595	1.52127
4.9084	1.79901
4.85258	1.74417
5.00711	1.47907
5.84367	1.6412
6.03469	1.50535
5.92257	1.48384
5.60996	1.47006
5.33473	1.34612
5.61992	1.33365
5.52731	1.28195
5.50376	1.15961
5.13162	1.22036
5.13601	1.04593
4.51691	1.09146
3.44508	1.39372
3.15581	1.33439
2.69978	1.30359
3.20495	1.26178
3.30833	0.934012
4.40608	-0.238176
3.70134	0.0573598
5.40836	-0.0232844
5.66854	0.541108
5.9933	0.738079
6.32315	0.742791
5.7562	0.76048
6.2919	0.661199
6.34562	0.617607
6.27536	0.545236
5.97489	0.549291
5.6555	0.656912
6.14729	0.598858
6.21001	0.571567
6.22752	0.593387
5.42158	0.587737
6.11384	0.578414
6.11744	0.56322
5.89891	0.632565
5.41955	0.654281
5.0522	0.672125
5.33384	0.65856
5.05763	0.758708
4.80035	0.789114
4.34322	0.745864
4.12191	0.864869
3.85884	1.07944
3.54288	1.40456
3.58649	1.26216
3.25746	1.12171
3.42876	1.21547
4.18532	0.557823
5.01108	0.248224
4.63844	0.205373
4.82459	0.319234
5.2504	0.172459
5.07349	-0.139739
5.03585	-0.211771
4.83076	0.251565
5.53764	0.347928
5.8049	0.873919
6.2545	1.17748
6.23107	1.10948
6.4893	1.12423
7.01564	1.10833
7.16195	1.07648
7.20531	1.0357
6.83817	1.05116
7.20041	1.01266
7.25747	1.00873
7.13318	1.06669
6.80496	1.15616
6.61382	1.22122
6.89392	1.16596
6.74208	1.13842
6.41776	1.15015
5.66962	1.10834
5.94884	1.37908
5.60143	1.32205
5.48019	0.990258
5.44032	0.700892
4.9213	0.283711
5.43646	0.454789
5.31558	0.562839
5.35066	0.456021
5.05981	0.216865
4.80878	0.470051
5.04439	0.649079
4.88274	0.95127
4.58153	1.42609
3.74449	1.271
4.41875	1.74142
4.74637	1.748
5.16516	1.76369
5.33524	1.55607
5.30691	1.52606
5.7176	1.80185
5.82539	1.74802
5.8987	1.6567
5.26932	1.52833
6.05546	1.54433
6.20783	1.51305
6.09155	1.51311
5.5281	1.66597
4.74386	1.207
5.32552	1.18993
5.41848	0.279829
5.39235	-0.37767
4.76448	-0.544276
4.93843	-0.429397
5.07996	-0.388417
4.55555	-0.187397
3.54096	0.2832
2.51475	0.520948
3.11437	0.711706
3.48325	0.411737
4.30032	0.0689007
4.09295	0.0251736
4.99007	0.264621
5.29932	0.438029
5.0912	0.688726
4.85105	0.856541
4.16896	0.711234
5.32621	0.858009
5.86581	1.03463
6.12584	1.16218
6.1035	1.2518
5.82412	1.39681
5.9956	1.43495
5.46817	1.41942
5.31497	0.68614
4.53154	0.285936
5.38241	-0.041448
5.46149	-0.107264
5.3943	-0.169356
5.10812	-0.173536
4.49802	-0.352877
5.15793	-0.276105
5.20554	-0.258653
5.15704	-0.130028
4.59337	-0.0259819
4.96387	0.0546107
5.09203	0.0315455
5.13305	0.386175
4.80885	0.902774
5.28994	1.40237
5.88117	1.47645
5.95707	1.6081
6.05083	1.53751
5.75968	1.48706
5.44177	1.82021
5.35028	1.70668
4.93992	1.85959
5.96395	1.08421
5.57217	0.899136
5.58448	1.94561
5.34749	2.05005
4.94937	2.04265
4.99575	1.34862
4.84737	1.2357
4.85927	1.71714
5.21279	1.67261
5.52782	1.62063
5.29953	1.63402
5.91428	1.52151
6.26159	1.35287
6.44075	1.23348
6.20465	1.12105
6.19858	1.06425
6.53371	1.00101
6.54968	0.851783
6.53879	0.774738
5.80557	0.810158
6.32205	0.721886
6.36979	0.741331
6.20727	0.727051
5.9373	0.615786
5.69182	0.235539
5.7956	0.644733
5.69332	0.583465
5.52246	0.596455
4.93827	0.643973
5.13877	0.628821
5.21511	0.562801
4.96851	0.623343
4.79258	0.798725
4.32793	0.958955
4.74808	0.613712
4.49733	0.438326
4.15736	0.720185
4.14282	0.361779
4.10862	0.0261414
4.52678	-0.0630237
4.57436	-0.207321
4.5416	-0.295721
3.90524	-0.269327
4.44544	-0.401139
4.64821	-0.705361
4.71255	-0.667453
4.48593	-0.530105
4.13514	-0.420882
4.58692	-0.400116
4.5742	-0.426975
4.448	-0.40892
3.87653	-0.319344
4.26255	-0.226822
4.37384	-0.192879
4.40012	-0.192999
4.24837	-0.144077
3.63744	-0.128205
4.12514	-0.0705669
4.03047	-0.114044
3.83157	-0.100721
3.44623	-0.0545133
2.77875	0.438907
2.84286	0.48251
2.23435	0.541278
2.56738	0.434532
2.84117	0.433807
2.93245	0.544702
2.82228	0.65413
2.25403	0.564139
2.80968	0.533889
2.83109	0.499382
2.89502	0.5413
2.41764	0.653374
2.9107	1.12595
3.34925	1.56167
3.41798	1.71571
3.64465	1.6687
3.33472	1.63198
4.0129	1.90981
4.48037	1.73419
5.02652	1.65426
4.90609	1.65883
5.26277	1.7317
5.66382	1.89562
5.5583	2.0257
5.61669	1.45598
5.26876	1.13852
5.24742	1.86518
5.70624	1.71508
6.51083	1.37671
6.64348	1.19651
6.58338	1.04542
7.08788	1.02892
7.12843	1.09432
7.17037	1.06978
6.84602	1.11201
7.00146	1.10119
7.19082	1.06866
7.14412	1.05323
6.99766	1.11899
6.24454	1.08835
6.89124	1.1413
6.94504	1.11377
7.07776	1.03789
6.98912	1.05571
6.98173	0.950904
7.21057	0.977603
6.91985	1.12931
6.25785	1.39647
5.81399	1.38786
6.69456	1.12293
7.15522	0.950798
7.29221	0.895608
7.12268	0.893621
6.99179	0.990589
7.41476	0.935045
7.4302	0.979171
7.40834	0.980383
7.20085	0.435004
7.52518	0.587129
7.39049	0.923238
7.36533	0.87798
7.08313	0.84316
6.997	0.801207
7.31822	0.836655
7.28505	0.880367
7.18317	0.980592
6.91014	1.01403
6.85106	1.06981
7.02415	0.932214
6.89209	0.848248
6.50898	0.853127
5.95395	0.796871
6.21127	0.848204
6.14173	0.84129
6.17537	0.821241
6.08366	1.03445
6.01389	0.891015
6.41868	0.646274
6.82359	0.594743
6.94993	0.556243
6.73156	0.587777
7.30849	0.646863
7.51294	0.693797
7.60308	0.731579
7.39034	0.749545
7.27895	0.81163
7.70023	0.725562
7.75159	0.710175
7.70434	0.729992
7.30726	0.828155
7.56241	0.895064
7.58971	0.833686
7.44863	0.921827
7.04761	1.03778
6.85876	0.996528
7.00325	1.04057
6.5706	1.12292
6.22711	1.28521
6.12121	1.05657
6.24193	1.21855
6.36564	1.43553
6.53498	1.41127
6.57483	1.47007
6.07059	1.51348
6.70745	1.40697
6.80765	1.39631
6.84883	1.39896
6.98455	0.632616
7.07129	0.679719
6.85034	1.40169
6.78991	1.39831
6.64247	1.41162
5.91162	1.31206
6.39243	1.55491
6.20766	1.61857
5.97427	1.50943
5.57035	1.40314
5.18194	1.54019
5.35252	1.5717
4.9624	1.70502
4.78232	1.65418
4.46815	1.31664
4.68831	1.41658
4.31918	1.66668
4.36523	1.45546
4.37641	1.26674
3.63821	0.936449
3.56011	0.92488
3.25004	1.14627
3.16426	1.03594
2.7131	0.809797
2.97842	0.71705
3.08028	0.738987
3.14818	0.715399
2.90563	0.717419
2.44875	0.648238
3.01647	0.698766
3.04873	0.6233
2.99776	0.587293
2.56584	0.566113
2.74994	0.649282
2.92847	0.677776
2.91378	0.580223
2.87288	0.477027
2.2845	0.402315
2.92082	0.396267
3.28116	0.89796
3.69864	1.05837
3.91089	0.913514
3.6942	0.987286
3.88063	1.3812
4.00828	1.46613
4.02047	1.50197
3.52348	1.23676
4.09046	1.47078
4.18087	1.47892
4.34834	1.58108
4.43494	1.36054
4.42496	1.54304
5.26316	1.83789
5.91429	1.78399
6.27149	1.51409
6.06001	1.33262
6.25599	1.36737
6.35425	1.50042
6.18198	1.56503
5.95407	1.51164
5.01325	1.13339
5.05729	1.91534
4.58932	1.7497
4.564	1.56321
4.26937	1.45781
4.18572	1.51548
4.41455	1.48739
4.26643	1.53827
4.15804	1.57883
3.47244	1.49487
4.14278	1.54941
3.97101	1.60342
4.3961	1.09223
4.79956	0.725459
4.63214	-0.0588313
5.36644	-0.114101
5.53825	0.0648696
5.62874	0.756591
5.03516	0.900754
5.84132	1.20912
6.20606	1.19431
6.44635	1.2204
6.59529	1.25388
6.19195	1.36857
6.69839	1.49631
6.74414	1.62951
6.88509	1.54748
6.40872	1.23375
6.83474	1.56136
6.98876	1.51904
6.99492	1.50288
6.87306	1.35943
6.67854	1.13393
6.85815	1.39926
6.49435	1.60309
6.24218	1.6004
5.88097	1.27399
6.20317	1.38508
6.4835	1.42252
6.93579	1.19923
7.12066	1.03808
6.80984	1.07868
7.26002	1.07899
7.22058	1.11582
7.0703	1.23976
6.98062	1.21344
6.63546	1.0017
6.87712	1.20302
6.55616	1.23388
5.79768	1.35473
5.14938	1.24743
5.20967	1.20271
5.12519	1.71355
5.64402	1.75461
5.65061	1.6975
5.96467	1.67374
6.29426	1.77114
5.78147	1.84662
5.16701	1.44631
4.18381	1.21675
5.70169	1.60604
6.29276	1.44402
6.67556	1.30478
6.80086	1.32815
6.39543	0.994407
6.76419	1.29381
6.73714	1.28624
6.60496	1.33367
6.68412	0.891788
6.53188	0.837688
6.42589	1.32578
6.41221	1.27905
6.20287	1.34536
5.19916	1.35373
5.72011	1.52132
5.52539	1.33036
5.3832	0.641247
4.90365	0.215701
4.56537	-0.471896
5.11586	-0.527161
5.20553	-0.559549
5.14818	-0.593314
4.49589	-0.752161
4.90065	-0.384186
5.02609	0.148932
4.94116	0.81757
4.87683	1.20563
4.62819	1.15447
5.29687	1.11194
5.30508	1.15961
5.17113	1.30168
4.63407	0.862282
5.16637	1.28201
5.16646	1.36545
5.02199	1.29237
4.62567	1.22482
4.06006	1.24498
4.28463	1.33594
3.8697	1.51245
3.62691	1.44973
3.14351	1.41654
3.20914	1.11333
3.38759	1.08597
3.2424	1.04215
2.97895	0.784835
2.26912	0.469721
2.80522	0.438194
2.87646	0.488171
2.91809	0.407999
2.65756	0.421637
2.48243	0.601232
2.88385	0.747178
2.96037	0.713611
2.93524	0.631959
3.65196	-0.585122
4.2148	-0.623213
3.95132	-0.636585
4.47898	-0.820001
4.66139	-0.889158
4.74647	-0.843639
4.59909	-0.997165
4.28445	-1.0558
4.87604	-1.03123
4.97927	-0.94169
5.04974	-0.891997
4.69863	-0.813694
4.83419	-0.492261
5.23414	-0.30683
5.05728	-0.0830134
4.53848	0.151272
3.98855	0.888604
5.04002	1.27444
5.72326	1.16531
5.96579	1.08072
5.75207	1.03221
5.72699	1.07658
6.12164	1.05594
6.12078	1.14838
5.80941	1.41577
5.06425	1.42525
5.06887	1.39777
5.04829	1.80883
5.36509	1.79228
5.66839	1.4209
5.67235	1.20743
6.324	1.23861
6.59168	1.13975
6.74578	1.11871
6.51989	0.965504
6.80813	0.921084
6.88976	1.04047
6.78883	1.16507
6.49423	1.34688
6.39673	0.806452
6.76029	0.997543
6.48394	1.3979
6.54006	1.32666
6.12788	1.19152
6.57122	1.21071
6.97353	1.08322
7.2188	0.916415
7.32167	0.876126
6.66538	0.906519
7.2611	0.873403
7.25859	0.898522
7.15515	0.966071
6.6928	0.997316
6.53487	1.17007
6.63799	1.21785
6.22915	1.30641
5.68213	1.42187
4.95842	1.47982
5.11796	1.47567
5.2151	1.53672
5.2068	1.56169
5.02782	1.59331
4.74317	1.61299
5.37145	1.54098
5.56793	1.4842
5.76741	1.43839
5.74978	1.34078
6.07362	1.3231
6.43448	1.29991
6.75623	1.24696
6.99274	1.1521
6.8264	1.13248
7.18469	1.12166
7.34578	1.01266
7.44575	0.905053
7.23337	0.916802
7.22875	0.92773
7.51864	0.784304
7.49261	0.71569
7.35676	0.667585
7.01345	0.681883
7.25104	0.665487
7.06946	0.666173
6.87695	0.629442
6.37882	0.586657
6.22648	0.584616
6.35404	0.67466
6.10956	0.648708
5.7375	0.74049
5.06454	0.935395
5.52868	0.895127
5.4815	0.799513
5.11192	0.943432
4.52936	1.02393
3.58105	1.17997
3.63479	1.33628
3.55529	1.05876
3.41463	0.930762
2.93142	0.687869
3.25265	0.834228
3.34017	0.88053
3.33174	0.878462
3.15987	0.78251
2.36021	0.97688
3.14242	0.816071
3.14548	0.940726
2.99033	0.997118
2.57518	0.974767
2.72094	0.757051
3.02951	0.855159
3.19727	0.699065
4.03603	0.494162
2.99161	0.381511
4.48866	0.383983
4.62083	0.408448
4.54843	0.440116
4.40908	0.545125
4.78429	0.657691
5.14745	0.454921
4.93506	0.265828
4.74597	0.351093
4.17147	0.330516
4.5294	0.337933
4.4864	0.478629
4.23935	0.492089
3.7413	0.632007
3.13436	0.923103
3.62494	0.861833
3.49894	0.825574
3.56907	0.696428
3.30669	0.381541
3.35022	0.486062
3.24842	0.41341
3.0026	0.660216
2.8336	0.704897
2.20556	0.59283
2.85069	0.537717
2.82629	0.534181
2.75071	0.517998
2.4094	0.450495
2.54034	0.595246
2.85261	0.616418
2.89325	0.5605
2.72152	0.492053
2.07545	0.395469
2.70664	0.509346
2.80227	0.599151
2.86068	0.602652
2.55532	0.579265
2.44912	0.457468
2.79116	0.604534
2.84432	0.563817
2.71877	0.497359
2.0916	0.594625
2.62562	0.721322
2.79974	0.627104
2.78622	0.486673
2.58336	0.383985
2.64908	0.0152615
3.11169	0.1391
2.90792	0.447803
2.80542	0.59636
2.29877	0.571513
2.65099	0.624828
2.80353	0.571752
2.70296	0.563914
2.61011	0.452026
2.21138	0.268158
2.78264	0.467036
2.79973	0.485389
2.78614	0.430004
2.41097	0.393168
2.43113	0.684761
2.89006	0.520301
2.89147	0.419078
2.66706	0.389833
2.12152	0.38979
2.90929	0.411664
3.05906	0.408235
3.02109	0.496397
2.76489	0.64459
2.50055	0.633965
3.96788	1.20401
5.23464	1.37304
5.62733	1.2566
5.01534	1.10623
5.73295	1.20808
5.71011	1.48534
5.65212	1.59487
5.38252	1.66845
5.27345	1.57728
5.63255	1.61216
5.45404	1.6157
5.25435	1.56768
5.19242	1.42608
5.22505	1.36284
5.08508	1.48617
5.0164	1.47683
5.12559	1.48873
4.81562	1.19869
4.81046	1.56477
4.76887	1.45878
4.76428	1.33884
4.70673	1.02356
4.72738	0.919681
4.84781	1.13037
4.8272	1.18715
4.70517	1.20835
4.39105	1.0989
4.66646	1.26351
4.54366	1.33503
4.29582	1.48026
4.08171	1.37592
3.66086	1.17504
3.48233	1.46326
3.28178	1.27198
3.46048	1.04218
3.03296	0.909902
3.64754	1.20984
4.19067	1.6243
4.91998	1.59753
5.10632	1.52089
5.22485	1.41176
5.64678	1.47315
5.47314	1.4612
4.98339	1.58864
4.25971	1.47839
4.9402	0.760394
5.35968	0.292016
5.39895	0.0511406
5.29255	-0.204735
4.7585	-0.465479
5.13696	-0.3983
4.74249	-0.428099
3.9618	0.0217388
2.89924	0.548815
2.7012	0.753335
2.98011	0.732065
3.23788	0.416131
4.16518	-0.237635
4.3269	0.472155
5.29024	0.757457
6.15044	1.10725
6.72401	1.03717
6.73851	1.03537
6.47875	1.15512
6.84143	1.11453
6.74289	1.12186
6.37005	1.1654
5.54205	1.19147
4.55126	1.58134
4.27531	1.43951
4.01084	1.58529
3.91378	1.53711
3.71902	1.42969
3.91357	1.5494
3.81941	1.49907
3.80381	1.53699
3.51856	1.31837
4.61586	0.769551
5.41738	0.999233
5.99853	1.1132
6.30568	1.04721
5.93761	0.973651
6.63723	0.874531
6.61481	0.789128
6.49636	0.794158
5.94849	0.857931
6.03273	1.0904
6.20055	1.11153
6.12657	1.18171
5.93454	1.34551
5.02294	1.37163
5.38954	1.25765
4.65175	1.12292
3.85361	1.16532
3.35376	1.1679
3.04689	1.09334
3.33892	1.01764
3.24401	0.897987
3.06817	0.932368
3.80606	0.607306
5.06757	0.689924
5.31554	1.09363
6.04699	1.44059
6.24949	1.37632
6.35785	1.29221
6.74931	1.32409
6.75623	1.29836
6.67089	1.22808
6.46884	0.94846
6.34525	0.939924
5.86942	1.379
5.13178	1.52618
4.97858	1.45085
4.66598	1.10332
4.77083	1.82777
5.20389	1.46945
5.54287	1.0634
5.35532	0.87736
5.47563	0.603157
5.82071	0.460918
5.74811	0.323677
5.64739	0.348183
4.90776	0.46048
5.51233	0.35204
5.51056	0.334606
5.44548	0.32639
5.21461	0.402095
4.70814	0.384302
5.0674	0.417354
5.0128	0.541211
5.02216	0.520533
4.49284	0.591497
4.70992	0.514876
4.67718	0.662462
4.23348	0.869742
3.58403	1.20303
2.95035	1.01846
3.32324	1.08411
3.09902	1.01927
3.02983	1.0125
2.5345	0.860947
2.75956	0.806821
2.94354	0.732142
2.94312	0.587289
2.89913	0.55755
2.22954	0.493491
2.8292	0.471316
2.81496	0.551277
2.81889	0.532699
2.33526	0.618749
